mvnc	org/threeten	threetenbp	1.6.5	org.threeten.bp.chrono.ChronoLocalDateTime_ESTest	org/threeten/bp/format	org/threeten/bp/format/SimpleDateTimeTextProvider$1	<init>	()V
mvnc	org/threeten	threetenbp	1.6.5	org.threeten.bp.chrono.ChronoLocalDateTime_ESTest	org/threeten/bp/format	org/threeten/bp/format/SimpleDateTimeTextProvider$1	compare	(Ljava/util/Map$Entry;Ljava/util/Map$Entry;)I
mvnc	org/threeten	threetenbp	1.6.5	org.threeten.bp.chrono.ChronoLocalDateTime_ESTest	org/threeten/bp/format	org/threeten/bp/format/FormatStyle	<clinit>	()V
mvnc	org/threeten	threetenbp	1.6.5	org.threeten.bp.chrono.ChronoLocalDateTime_ESTest	org/threeten/bp/format	org/threeten/bp/format/DateTimeFormatterBuilder$CompositePrinterParser	<init>	(Ljava/util/List;Z)V
mvnc	org/threeten	threetenbp	1.6.5	org.threeten.bp.chrono.ChronoLocalDateTime_ESTest	org/threeten/bp/format	org/threeten/bp/format/DateTimeFormatterBuilder$CompositePrinterParser	<init>	([Lorg/threeten/bp/format/DateTimeFormatterBuilder$DateTimePrinterParser;Z)V
mvnc	org/threeten	threetenbp	1.6.5	org.threeten.bp.chrono.ChronoLocalDateTime_ESTest	org/threeten/bp/format	org/threeten/bp/format/DateTimeFormatterBuilder$CompositePrinterParser	withOptional	(Z)Lorg/threeten/bp/format/DateTimeFormatterBuilder$CompositePrinterParser;
mvnc	org/threeten	threetenbp	1.6.5	org.threeten.bp.chrono.ChronoLocalDateTime_ESTest	org/threeten/bp/format	org/threeten/bp/format/DateTimeFormatterBuilder$CompositePrinterParser	print	(Lorg/threeten/bp/format/DateTimePrintContext;Ljava/lang/StringBuilder;)Z
mvnc	org/threeten	threetenbp	1.6.5	org.threeten.bp.chrono.ChronoLocalDateTime_ESTest	org/threeten/bp/format	org/threeten/bp/format/SimpleDateTimeTextProvider$LocaleStore	<init>	(Ljava/util/Map;)V
mvnc	org/threeten	threetenbp	1.6.5	org.threeten.bp.chrono.ChronoLocalDateTime_ESTest	org/threeten/bp/format	org/threeten/bp/format/SimpleDateTimeTextProvider$LocaleStore	getText	(JLorg/threeten/bp/format/TextStyle;)Ljava/lang/String;
mvnc	org/threeten	threetenbp	1.6.5	org.threeten.bp.chrono.ChronoLocalDateTime_ESTest	org/threeten/bp/format	org/threeten/bp/format/TextStyle	<clinit>	()V
mvnc	org/threeten	threetenbp	1.6.5	org.threeten.bp.chrono.ChronoLocalDateTime_ESTest	org/threeten/bp/format	org/threeten/bp/format/DateTimeFormatter	ofPattern	(Ljava/lang/String;)Lorg/threeten/bp/format/DateTimeFormatter;
mvnc	org/threeten	threetenbp	1.6.5	org.threeten.bp.chrono.ChronoLocalDateTime_ESTest	org/threeten/bp/format	org/threeten/bp/format/DateTimeFormatter	ofLocalizedDateTime	(Lorg/threeten/bp/format/FormatStyle;Lorg/threeten/bp/format/FormatStyle;)Lorg/threeten/bp/format/DateTimeFormatter;
mvnc	org/threeten	threetenbp	1.6.5	org.threeten.bp.chrono.ChronoLocalDateTime_ESTest	org/threeten/bp/format	org/threeten/bp/format/DateTimeFormatter	<init>	(Lorg/threeten/bp/format/DateTimeFormatterBuilder$CompositePrinterParser;Ljava/util/Locale;Lorg/threeten/bp/format/DecimalStyle;Lorg/threeten/bp/format/ResolverStyle;Ljava/util/Set;Lorg/threeten/bp/chrono/Chronology;Lorg/threeten/bp/ZoneId;)V
mvnc	org/threeten	threetenbp	1.6.5	org.threeten.bp.chrono.ChronoLocalDateTime_ESTest	org/threeten/bp/format	org/threeten/bp/format/DateTimeFormatter	getLocale	()Ljava/util/Locale;
mvnc	org/threeten	threetenbp	1.6.5	org.threeten.bp.chrono.ChronoLocalDateTime_ESTest	org/threeten/bp/format	org/threeten/bp/format/DateTimeFormatter	getDecimalStyle	()Lorg/threeten/bp/format/DecimalStyle;
mvnc	org/threeten	threetenbp	1.6.5	org.threeten.bp.chrono.ChronoLocalDateTime_ESTest	org/threeten/bp/format	org/threeten/bp/format/DateTimeFormatter	getChronology	()Lorg/threeten/bp/chrono/Chronology;
mvnc	org/threeten	threetenbp	1.6.5	org.threeten.bp.chrono.ChronoLocalDateTime_ESTest	org/threeten/bp/format	org/threeten/bp/format/DateTimeFormatter	withChronology	(Lorg/threeten/bp/chrono/Chronology;)Lorg/threeten/bp/format/DateTimeFormatter;
mvnc	org/threeten	threetenbp	1.6.5	org.threeten.bp.chrono.ChronoLocalDateTime_ESTest	org/threeten/bp/format	org/threeten/bp/format/DateTimeFormatter	getZone	()Lorg/threeten/bp/ZoneId;
mvnc	org/threeten	threetenbp	1.6.5	org.threeten.bp.chrono.ChronoLocalDateTime_ESTest	org/threeten/bp/format	org/threeten/bp/format/DateTimeFormatter	withResolverStyle	(Lorg/threeten/bp/format/ResolverStyle;)Lorg/threeten/bp/format/DateTimeFormatter;
mvnc	org/threeten	threetenbp	1.6.5	org.threeten.bp.chrono.ChronoLocalDateTime_ESTest	org/threeten/bp/format	org/threeten/bp/format/DateTimeFormatter	format	(Lorg/threeten/bp/temporal/TemporalAccessor;)Ljava/lang/String;
mvnc	org/threeten	threetenbp	1.6.5	org.threeten.bp.chrono.ChronoLocalDateTime_ESTest	org/threeten/bp/format	org/threeten/bp/format/DateTimeFormatter	formatTo	(Lorg/threeten/bp/temporal/TemporalAccessor;Ljava/lang/Appendable;)V
mvnc	org/threeten	threetenbp	1.6.5	org.threeten.bp.chrono.ChronoLocalDateTime_ESTest	org/threeten/bp/format	org/threeten/bp/format/DateTimeFormatter	toPrinterParser	(Z)Lorg/threeten/bp/format/DateTimeFormatterBuilder$CompositePrinterParser;
mvnc	org/threeten	threetenbp	1.6.5	org.threeten.bp.chrono.ChronoLocalDateTime_ESTest	org/threeten/bp/format	org/threeten/bp/format/DateTimeFormatter	<clinit>	()V
mvnc	org/threeten	threetenbp	1.6.5	org.threeten.bp.chrono.ChronoLocalDateTime_ESTest	org/threeten/bp/format	org/threeten/bp/format/DateTimeFormatterBuilder$2	<init>	(Lorg/threeten/bp/format/DateTimeFormatterBuilder;Lorg/threeten/bp/format/SimpleDateTimeTextProvider$LocaleStore;)V
mvnc	org/threeten	threetenbp	1.6.5	org.threeten.bp.chrono.ChronoLocalDateTime_ESTest	org/threeten/bp/format	org/threeten/bp/format/DateTimeFormatterBuilder$2	getText	(Lorg/threeten/bp/temporal/TemporalField;JLorg/threeten/bp/format/TextStyle;Ljava/util/Locale;)Ljava/lang/String;
mvnc	org/threeten	threetenbp	1.6.5	org.threeten.bp.chrono.ChronoLocalDateTime_ESTest	org/threeten/bp/format	org/threeten/bp/format/DateTimeFormatterBuilder$FractionPrinterParser	<init>	(Lorg/threeten/bp/temporal/TemporalField;IIZ)V
mvnc	org/threeten	threetenbp	1.6.5	org.threeten.bp.chrono.ChronoLocalDateTime_ESTest	org/threeten/bp/format	org/threeten/bp/format/DateTimeFormatterBuilder$3	<init>	()V
mvnc	org/threeten	threetenbp	1.6.5	org.threeten.bp.chrono.ChronoLocalDateTime_ESTest	org/threeten/bp/format	org/threeten/bp/format/DateTimeFormatterBuilder$1	<init>	()V
mvnc	org/threeten	threetenbp	1.6.5	org.threeten.bp.chrono.ChronoLocalDateTime_ESTest	org/threeten/bp/format	org/threeten/bp/format/DateTimeFormatterBuilder$ZoneIdPrinterParser	<init>	(Lorg/threeten/bp/temporal/TemporalQuery;Ljava/lang/String;)V
mvnc	org/threeten	threetenbp	1.6.5	org.threeten.bp.chrono.ChronoLocalDateTime_ESTest	org/threeten/bp/format	org/threeten/bp/format/DateTimePrintContext	<init>	(Lorg/threeten/bp/temporal/TemporalAccessor;Lorg/threeten/bp/format/DateTimeFormatter;)V
mvnc	org/threeten	threetenbp	1.6.5	org.threeten.bp.chrono.ChronoLocalDateTime_ESTest	org/threeten/bp/format	org/threeten/bp/format/DateTimePrintContext	adjust	(Lorg/threeten/bp/temporal/TemporalAccessor;Lorg/threeten/bp/format/DateTimeFormatter;)Lorg/threeten/bp/temporal/TemporalAccessor;
mvnc	org/threeten	threetenbp	1.6.5	org.threeten.bp.chrono.ChronoLocalDateTime_ESTest	org/threeten/bp/format	org/threeten/bp/format/DateTimePrintContext	getTemporal	()Lorg/threeten/bp/temporal/TemporalAccessor;
mvnc	org/threeten	threetenbp	1.6.5	org.threeten.bp.chrono.ChronoLocalDateTime_ESTest	org/threeten/bp/format	org/threeten/bp/format/DateTimePrintContext	getLocale	()Ljava/util/Locale;
mvnc	org/threeten	threetenbp	1.6.5	org.threeten.bp.chrono.ChronoLocalDateTime_ESTest	org/threeten/bp/format	org/threeten/bp/format/DateTimePrintContext	getSymbols	()Lorg/threeten/bp/format/DecimalStyle;
mvnc	org/threeten	threetenbp	1.6.5	org.threeten.bp.chrono.ChronoLocalDateTime_ESTest	org/threeten/bp/format	org/threeten/bp/format/DateTimePrintContext	startOptional	()V
mvnc	org/threeten	threetenbp	1.6.5	org.threeten.bp.chrono.ChronoLocalDateTime_ESTest	org/threeten/bp/format	org/threeten/bp/format/DateTimePrintContext	endOptional	()V
mvnc	org/threeten	threetenbp	1.6.5	org.threeten.bp.chrono.ChronoLocalDateTime_ESTest	org/threeten/bp/format	org/threeten/bp/format/DateTimePrintContext	getValue	(Lorg/threeten/bp/temporal/TemporalQuery;)Ljava/lang/Object;
mvnc	org/threeten	threetenbp	1.6.5	org.threeten.bp.chrono.ChronoLocalDateTime_ESTest	org/threeten/bp/format	org/threeten/bp/format/DateTimePrintContext	getValue	(Lorg/threeten/bp/temporal/TemporalField;)Ljava/lang/Long;
mvnc	org/threeten	threetenbp	1.6.5	org.threeten.bp.chrono.ChronoLocalDateTime_ESTest	org/threeten/bp/format	org/threeten/bp/format/DateTimeFormatterBuilder$CharLiteralPrinterParser	<init>	(C)V
mvnc	org/threeten	threetenbp	1.6.5	org.threeten.bp.chrono.ChronoLocalDateTime_ESTest	org/threeten/bp/format	org/threeten/bp/format/DateTimeFormatterBuilder$CharLiteralPrinterParser	print	(Lorg/threeten/bp/format/DateTimePrintContext;Ljava/lang/StringBuilder;)Z
mvnc	org/threeten	threetenbp	1.6.5	org.threeten.bp.chrono.ChronoLocalDateTime_ESTest	org/threeten/bp/format	org/threeten/bp/format/DateTimeFormatterBuilder$SettingsParser	print	(Lorg/threeten/bp/format/DateTimePrintContext;Ljava/lang/StringBuilder;)Z
mvnc	org/threeten	threetenbp	1.6.5	org.threeten.bp.chrono.ChronoLocalDateTime_ESTest	org/threeten/bp/format	org/threeten/bp/format/DateTimeFormatterBuilder$SettingsParser	<clinit>	()V
mvnc	org/threeten	threetenbp	1.6.5	org.threeten.bp.chrono.ChronoLocalDateTime_ESTest	org/threeten/bp/format	org/threeten/bp/format/DateTimeFormatterBuilder$OffsetIdPrinterParser	<init>	(Ljava/lang/String;Ljava/lang/String;)V
mvnc	org/threeten	threetenbp	1.6.5	org.threeten.bp.chrono.ChronoLocalDateTime_ESTest	org/threeten/bp/format	org/threeten/bp/format/DateTimeFormatterBuilder$OffsetIdPrinterParser	checkPattern	(Ljava/lang/String;)I
mvnc	org/threeten	threetenbp	1.6.5	org.threeten.bp.chrono.ChronoLocalDateTime_ESTest	org/threeten/bp/format	org/threeten/bp/format/DateTimeFormatterBuilder$OffsetIdPrinterParser	print	(Lorg/threeten/bp/format/DateTimePrintContext;Ljava/lang/StringBuilder;)Z
mvnc	org/threeten	threetenbp	1.6.5	org.threeten.bp.chrono.ChronoLocalDateTime_ESTest	org/threeten/bp/format	org/threeten/bp/format/DateTimeFormatterBuilder$OffsetIdPrinterParser	<clinit>	()V
mvnc	org/threeten	threetenbp	1.6.5	org.threeten.bp.chrono.ChronoLocalDateTime_ESTest	org/threeten/bp/format	org/threeten/bp/format/SimpleDateTimeTextProvider	<init>	()V
mvnc	org/threeten	threetenbp	1.6.5	org.threeten.bp.chrono.ChronoLocalDateTime_ESTest	org/threeten/bp/format	org/threeten/bp/format/SimpleDateTimeTextProvider	getText	(Lorg/threeten/bp/temporal/TemporalField;JLorg/threeten/bp/format/TextStyle;Ljava/util/Locale;)Ljava/lang/String;
mvnc	org/threeten	threetenbp	1.6.5	org.threeten.bp.chrono.ChronoLocalDateTime_ESTest	org/threeten/bp/format	org/threeten/bp/format/SimpleDateTimeTextProvider	findStore	(Lorg/threeten/bp/temporal/TemporalField;Ljava/util/Locale;)Ljava/lang/Object;
mvnc	org/threeten	threetenbp	1.6.5	org.threeten.bp.chrono.ChronoLocalDateTime_ESTest	org/threeten/bp/format	org/threeten/bp/format/SimpleDateTimeTextProvider	createStore	(Lorg/threeten/bp/temporal/TemporalField;Ljava/util/Locale;)Ljava/lang/Object;
mvnc	org/threeten	threetenbp	1.6.5	org.threeten.bp.chrono.ChronoLocalDateTime_ESTest	org/threeten/bp/format	org/threeten/bp/format/SimpleDateTimeTextProvider	narrowMonth	(ILjava/lang/String;Ljava/util/Locale;)Ljava/lang/String;
mvnc	org/threeten	threetenbp	1.6.5	org.threeten.bp.chrono.ChronoLocalDateTime_ESTest	org/threeten/bp/format	org/threeten/bp/format/SimpleDateTimeTextProvider	createEntry	(Ljava/lang/Object;Ljava/lang/Object;)Ljava/util/Map$Entry;
mvnc	org/threeten	threetenbp	1.6.5	org.threeten.bp.chrono.ChronoLocalDateTime_ESTest	org/threeten/bp/format	org/threeten/bp/format/SimpleDateTimeTextProvider	createLocaleStore	(Ljava/util/Map;)Lorg/threeten/bp/format/SimpleDateTimeTextProvider$LocaleStore;
mvnc	org/threeten	threetenbp	1.6.5	org.threeten.bp.chrono.ChronoLocalDateTime_ESTest	org/threeten/bp/format	org/threeten/bp/format/SimpleDateTimeTextProvider	<clinit>	()V
mvnc	org/threeten	threetenbp	1.6.5	org.threeten.bp.chrono.ChronoLocalDateTime_ESTest	org/threeten/bp/format	org/threeten/bp/format/DateTimeFormatStyleProvider	<init>	()V
mvnc	org/threeten	threetenbp	1.6.5	org.threeten.bp.chrono.ChronoLocalDateTime_ESTest	org/threeten/bp/format	org/threeten/bp/format/DateTimeFormatStyleProvider	getInstance	()Lorg/threeten/bp/format/DateTimeFormatStyleProvider;
mvnc	org/threeten	threetenbp	1.6.5	org.threeten.bp.chrono.ChronoLocalDateTime_ESTest	org/threeten/bp/format	org/threeten/bp/format/DateTimeTextProvider	<init>	()V
mvnc	org/threeten	threetenbp	1.6.5	org.threeten.bp.chrono.ChronoLocalDateTime_ESTest	org/threeten/bp/format	org/threeten/bp/format/DateTimeTextProvider	getInstance	()Lorg/threeten/bp/format/DateTimeTextProvider;
mvnc	org/threeten	threetenbp	1.6.5	org.threeten.bp.chrono.ChronoLocalDateTime_ESTest	org/threeten/bp/format	org/threeten/bp/format/DateTimeTextProvider	<clinit>	()V
mvnc	org/threeten	threetenbp	1.6.5	org.threeten.bp.chrono.ChronoLocalDateTime_ESTest	org/threeten/bp/format	org/threeten/bp/format/DateTimeFormatterBuilder$NumberPrinterParser	<init>	(Lorg/threeten/bp/temporal/TemporalField;IILorg/threeten/bp/format/SignStyle;)V
mvnc	org/threeten	threetenbp	1.6.5	org.threeten.bp.chrono.ChronoLocalDateTime_ESTest	org/threeten/bp/format	org/threeten/bp/format/DateTimeFormatterBuilder$NumberPrinterParser	<init>	(Lorg/threeten/bp/temporal/TemporalField;IILorg/threeten/bp/format/SignStyle;I)V
mvnc	org/threeten	threetenbp	1.6.5	org.threeten.bp.chrono.ChronoLocalDateTime_ESTest	org/threeten/bp/format	org/threeten/bp/format/DateTimeFormatterBuilder$NumberPrinterParser	withFixedWidth	()Lorg/threeten/bp/format/DateTimeFormatterBuilder$NumberPrinterParser;
mvnc	org/threeten	threetenbp	1.6.5	org.threeten.bp.chrono.ChronoLocalDateTime_ESTest	org/threeten/bp/format	org/threeten/bp/format/DateTimeFormatterBuilder$NumberPrinterParser	withSubsequentWidth	(I)Lorg/threeten/bp/format/DateTimeFormatterBuilder$NumberPrinterParser;
mvnc	org/threeten	threetenbp	1.6.5	org.threeten.bp.chrono.ChronoLocalDateTime_ESTest	org/threeten/bp/format	org/threeten/bp/format/DateTimeFormatterBuilder$NumberPrinterParser	print	(Lorg/threeten/bp/format/DateTimePrintContext;Ljava/lang/StringBuilder;)Z
mvnc	org/threeten	threetenbp	1.6.5	org.threeten.bp.chrono.ChronoLocalDateTime_ESTest	org/threeten/bp/format	org/threeten/bp/format/DateTimeFormatterBuilder$NumberPrinterParser	getValue	(Lorg/threeten/bp/format/DateTimePrintContext;J)J
mvnc	org/threeten	threetenbp	1.6.5	org.threeten.bp.chrono.ChronoLocalDateTime_ESTest	org/threeten/bp/format	org/threeten/bp/format/DateTimeFormatterBuilder$NumberPrinterParser	<clinit>	()V
mvnc	org/threeten	threetenbp	1.6.5	org.threeten.bp.chrono.ChronoLocalDateTime_ESTest	org/threeten/bp/format	org/threeten/bp/format/DateTimeTextProvider$ProviderSingleton	initialize	()Lorg/threeten/bp/format/DateTimeTextProvider;
mvnc	org/threeten	threetenbp	1.6.5	org.threeten.bp.chrono.ChronoLocalDateTime_ESTest	org/threeten/bp/format	org/threeten/bp/format/DateTimeTextProvider$ProviderSingleton	<clinit>	()V
mvnc	org/threeten	threetenbp	1.6.5	org.threeten.bp.chrono.ChronoLocalDateTime_ESTest	org/threeten/bp/format	org/threeten/bp/format/DateTimeFormatterBuilder	<init>	()V
mvnc	org/threeten	threetenbp	1.6.5	org.threeten.bp.chrono.ChronoLocalDateTime_ESTest	org/threeten/bp/format	org/threeten/bp/format/DateTimeFormatterBuilder	<init>	(Lorg/threeten/bp/format/DateTimeFormatterBuilder;Z)V
mvnc	org/threeten	threetenbp	1.6.5	org.threeten.bp.chrono.ChronoLocalDateTime_ESTest	org/threeten/bp/format	org/threeten/bp/format/DateTimeFormatterBuilder	parseCaseSensitive	()Lorg/threeten/bp/format/DateTimeFormatterBuilder;
mvnc	org/threeten	threetenbp	1.6.5	org.threeten.bp.chrono.ChronoLocalDateTime_ESTest	org/threeten/bp/format	org/threeten/bp/format/DateTimeFormatterBuilder	parseCaseInsensitive	()Lorg/threeten/bp/format/DateTimeFormatterBuilder;
mvnc	org/threeten	threetenbp	1.6.5	org.threeten.bp.chrono.ChronoLocalDateTime_ESTest	org/threeten/bp/format	org/threeten/bp/format/DateTimeFormatterBuilder	parseLenient	()Lorg/threeten/bp/format/DateTimeFormatterBuilder;
mvnc	org/threeten	threetenbp	1.6.5	org.threeten.bp.chrono.ChronoLocalDateTime_ESTest	org/threeten/bp/format	org/threeten/bp/format/DateTimeFormatterBuilder	appendValue	(Lorg/threeten/bp/temporal/TemporalField;)Lorg/threeten/bp/format/DateTimeFormatterBuilder;
mvnc	org/threeten	threetenbp	1.6.5	org.threeten.bp.chrono.ChronoLocalDateTime_ESTest	org/threeten/bp/format	org/threeten/bp/format/DateTimeFormatterBuilder	appendValue	(Lorg/threeten/bp/temporal/TemporalField;I)Lorg/threeten/bp/format/DateTimeFormatterBuilder;
mvnc	org/threeten	threetenbp	1.6.5	org.threeten.bp.chrono.ChronoLocalDateTime_ESTest	org/threeten/bp/format	org/threeten/bp/format/DateTimeFormatterBuilder	appendValue	(Lorg/threeten/bp/temporal/TemporalField;IILorg/threeten/bp/format/SignStyle;)Lorg/threeten/bp/format/DateTimeFormatterBuilder;
mvnc	org/threeten	threetenbp	1.6.5	org.threeten.bp.chrono.ChronoLocalDateTime_ESTest	org/threeten/bp/format	org/threeten/bp/format/DateTimeFormatterBuilder	appendValue	(Lorg/threeten/bp/format/DateTimeFormatterBuilder$NumberPrinterParser;)Lorg/threeten/bp/format/DateTimeFormatterBuilder;
mvnc	org/threeten	threetenbp	1.6.5	org.threeten.bp.chrono.ChronoLocalDateTime_ESTest	org/threeten/bp/format	org/threeten/bp/format/DateTimeFormatterBuilder	appendFraction	(Lorg/threeten/bp/temporal/TemporalField;IIZ)Lorg/threeten/bp/format/DateTimeFormatterBuilder;
mvnc	org/threeten	threetenbp	1.6.5	org.threeten.bp.chrono.ChronoLocalDateTime_ESTest	org/threeten/bp/format	org/threeten/bp/format/DateTimeFormatterBuilder	appendText	(Lorg/threeten/bp/temporal/TemporalField;Lorg/threeten/bp/format/TextStyle;)Lorg/threeten/bp/format/DateTimeFormatterBuilder;
mvnc	org/threeten	threetenbp	1.6.5	org.threeten.bp.chrono.ChronoLocalDateTime_ESTest	org/threeten/bp/format	org/threeten/bp/format/DateTimeFormatterBuilder	appendText	(Lorg/threeten/bp/temporal/TemporalField;Ljava/util/Map;)Lorg/threeten/bp/format/DateTimeFormatterBuilder;
mvnc	org/threeten	threetenbp	1.6.5	org.threeten.bp.chrono.ChronoLocalDateTime_ESTest	org/threeten/bp/format	org/threeten/bp/format/DateTimeFormatterBuilder	appendInstant	()Lorg/threeten/bp/format/DateTimeFormatterBuilder;
mvnc	org/threeten	threetenbp	1.6.5	org.threeten.bp.chrono.ChronoLocalDateTime_ESTest	org/threeten/bp/format	org/threeten/bp/format/DateTimeFormatterBuilder	appendOffsetId	()Lorg/threeten/bp/format/DateTimeFormatterBuilder;
mvnc	org/threeten	threetenbp	1.6.5	org.threeten.bp.chrono.ChronoLocalDateTime_ESTest	org/threeten/bp/format	org/threeten/bp/format/DateTimeFormatterBuilder	appendOffset	(Ljava/lang/String;Ljava/lang/String;)Lorg/threeten/bp/format/DateTimeFormatterBuilder;
mvnc	org/threeten	threetenbp	1.6.5	org.threeten.bp.chrono.ChronoLocalDateTime_ESTest	org/threeten/bp/format	org/threeten/bp/format/DateTimeFormatterBuilder	appendZoneRegionId	()Lorg/threeten/bp/format/DateTimeFormatterBuilder;
mvnc	org/threeten	threetenbp	1.6.5	org.threeten.bp.chrono.ChronoLocalDateTime_ESTest	org/threeten/bp/format	org/threeten/bp/format/DateTimeFormatterBuilder	appendZoneText	(Lorg/threeten/bp/format/TextStyle;)Lorg/threeten/bp/format/DateTimeFormatterBuilder;
mvnc	org/threeten	threetenbp	1.6.5	org.threeten.bp.chrono.ChronoLocalDateTime_ESTest	org/threeten/bp/format	org/threeten/bp/format/DateTimeFormatterBuilder	appendLocalized	(Lorg/threeten/bp/format/FormatStyle;Lorg/threeten/bp/format/FormatStyle;)Lorg/threeten/bp/format/DateTimeFormatterBuilder;
mvnc	org/threeten	threetenbp	1.6.5	org.threeten.bp.chrono.ChronoLocalDateTime_ESTest	org/threeten/bp/format	org/threeten/bp/format/DateTimeFormatterBuilder	appendLiteral	(C)Lorg/threeten/bp/format/DateTimeFormatterBuilder;
mvnc	org/threeten	threetenbp	1.6.5	org.threeten.bp.chrono.ChronoLocalDateTime_ESTest	org/threeten/bp/format	org/threeten/bp/format/DateTimeFormatterBuilder	appendLiteral	(Ljava/lang/String;)Lorg/threeten/bp/format/DateTimeFormatterBuilder;
mvnc	org/threeten	threetenbp	1.6.5	org.threeten.bp.chrono.ChronoLocalDateTime_ESTest	org/threeten/bp/format	org/threeten/bp/format/DateTimeFormatterBuilder	append	(Lorg/threeten/bp/format/DateTimeFormatter;)Lorg/threeten/bp/format/DateTimeFormatterBuilder;
mvnc	org/threeten	threetenbp	1.6.5	org.threeten.bp.chrono.ChronoLocalDateTime_ESTest	org/threeten/bp/format	org/threeten/bp/format/DateTimeFormatterBuilder	appendPattern	(Ljava/lang/String;)Lorg/threeten/bp/format/DateTimeFormatterBuilder;
mvnc	org/threeten	threetenbp	1.6.5	org.threeten.bp.chrono.ChronoLocalDateTime_ESTest	org/threeten/bp/format	org/threeten/bp/format/DateTimeFormatterBuilder	parsePattern	(Ljava/lang/String;)V
mvnc	org/threeten	threetenbp	1.6.5	org.threeten.bp.chrono.ChronoLocalDateTime_ESTest	org/threeten/bp/format	org/threeten/bp/format/DateTimeFormatterBuilder	parseField	(CILorg/threeten/bp/temporal/TemporalField;)V
mvnc	org/threeten	threetenbp	1.6.5	org.threeten.bp.chrono.ChronoLocalDateTime_ESTest	org/threeten/bp/format	org/threeten/bp/format/DateTimeFormatterBuilder	optionalStart	()Lorg/threeten/bp/format/DateTimeFormatterBuilder;
mvnc	org/threeten	threetenbp	1.6.5	org.threeten.bp.chrono.ChronoLocalDateTime_ESTest	org/threeten/bp/format	org/threeten/bp/format/DateTimeFormatterBuilder	optionalEnd	()Lorg/threeten/bp/format/DateTimeFormatterBuilder;
mvnc	org/threeten	threetenbp	1.6.5	org.threeten.bp.chrono.ChronoLocalDateTime_ESTest	org/threeten/bp/format	org/threeten/bp/format/DateTimeFormatterBuilder	appendInternal	(Lorg/threeten/bp/format/DateTimeFormatterBuilder$DateTimePrinterParser;)I
mvnc	org/threeten	threetenbp	1.6.5	org.threeten.bp.chrono.ChronoLocalDateTime_ESTest	org/threeten/bp/format	org/threeten/bp/format/DateTimeFormatterBuilder	toFormatter	()Lorg/threeten/bp/format/DateTimeFormatter;
mvnc	org/threeten	threetenbp	1.6.5	org.threeten.bp.chrono.ChronoLocalDateTime_ESTest	org/threeten/bp/format	org/threeten/bp/format/DateTimeFormatterBuilder	toFormatter	(Ljava/util/Locale;)Lorg/threeten/bp/format/DateTimeFormatter;
mvnc	org/threeten	threetenbp	1.6.5	org.threeten.bp.chrono.ChronoLocalDateTime_ESTest	org/threeten/bp/format	org/threeten/bp/format/DateTimeFormatterBuilder	toFormatter	(Lorg/threeten/bp/format/ResolverStyle;)Lorg/threeten/bp/format/DateTimeFormatter;
mvnc	org/threeten	threetenbp	1.6.5	org.threeten.bp.chrono.ChronoLocalDateTime_ESTest	org/threeten/bp/format	org/threeten/bp/format/DateTimeFormatterBuilder	<clinit>	()V
mvnc	org/threeten	threetenbp	1.6.5	org.threeten.bp.chrono.ChronoLocalDateTime_ESTest	org/threeten/bp/format	org/threeten/bp/format/DateTimeFormatterBuilder$ZoneTextPrinterParser	<init>	(Lorg/threeten/bp/format/TextStyle;)V
mvnc	org/threeten	threetenbp	1.6.5	org.threeten.bp.chrono.ChronoLocalDateTime_ESTest	org/threeten/bp/format	org/threeten/bp/format/DateTimeFormatterBuilder$ZoneTextPrinterParser	<clinit>	()V
mvnc	org/threeten	threetenbp	1.6.5	org.threeten.bp.chrono.ChronoLocalDateTime_ESTest	org/threeten/bp/format	org/threeten/bp/format/DateTimeFormatterBuilder$LocalizedPrinterParser	<init>	(Lorg/threeten/bp/format/FormatStyle;Lorg/threeten/bp/format/FormatStyle;)V
mvnc	org/threeten	threetenbp	1.6.5	org.threeten.bp.chrono.ChronoLocalDateTime_ESTest	org/threeten/bp/format	org/threeten/bp/format/DateTimeFormatterBuilder$LocalizedPrinterParser	print	(Lorg/threeten/bp/format/DateTimePrintContext;Ljava/lang/StringBuilder;)Z
mvnc	org/threeten	threetenbp	1.6.5	org.threeten.bp.chrono.ChronoLocalDateTime_ESTest	org/threeten/bp/format	org/threeten/bp/format/DateTimeFormatterBuilder$LocalizedPrinterParser	formatter	(Ljava/util/Locale;Lorg/threeten/bp/chrono/Chronology;)Lorg/threeten/bp/format/DateTimeFormatter;
mvnc	org/threeten	threetenbp	1.6.5	org.threeten.bp.chrono.ChronoLocalDateTime_ESTest	org/threeten/bp/format	org/threeten/bp/format/ResolverStyle	<clinit>	()V
mvnc	org/threeten	threetenbp	1.6.5	org.threeten.bp.chrono.ChronoLocalDateTime_ESTest	org/threeten/bp/format	org/threeten/bp/format/DateTimeFormatterBuilder$ReducedPrinterParser	<clinit>	()V
mvnc	org/threeten	threetenbp	1.6.5	org.threeten.bp.chrono.ChronoLocalDateTime_ESTest	org/threeten/bp/format	org/threeten/bp/format/DateTimeFormatterBuilder$StringLiteralPrinterParser	<init>	(Ljava/lang/String;)V
mvnc	org/threeten	threetenbp	1.6.5	org.threeten.bp.chrono.ChronoLocalDateTime_ESTest	org/threeten/bp/format	org/threeten/bp/format/DateTimeFormatterBuilder$StringLiteralPrinterParser	print	(Lorg/threeten/bp/format/DateTimePrintContext;Ljava/lang/StringBuilder;)Z
mvnc	org/threeten	threetenbp	1.6.5	org.threeten.bp.chrono.ChronoLocalDateTime_ESTest	org/threeten/bp/format	org/threeten/bp/format/DateTimeFormatter$1	<init>	()V
mvnc	org/threeten	threetenbp	1.6.5	org.threeten.bp.chrono.ChronoLocalDateTime_ESTest	org/threeten/bp/format	org/threeten/bp/format/DateTimeFormatter$2	<init>	()V
mvnc	org/threeten	threetenbp	1.6.5	org.threeten.bp.chrono.ChronoLocalDateTime_ESTest	org/threeten/bp/format	org/threeten/bp/format/DateTimeFormatterBuilder$InstantPrinterParser	<init>	(I)V
mvnc	org/threeten	threetenbp	1.6.5	org.threeten.bp.chrono.ChronoLocalDateTime_ESTest	org/threeten/bp/format	org/threeten/bp/format/DateTimeFormatterBuilder$ZoneTextPrinterParser$1	<init>	()V
mvnc	org/threeten	threetenbp	1.6.5	org.threeten.bp.chrono.ChronoLocalDateTime_ESTest	org/threeten/bp/format	org/threeten/bp/format/DecimalStyle	<init>	(CCCC)V
mvnc	org/threeten	threetenbp	1.6.5	org.threeten.bp.chrono.ChronoLocalDateTime_ESTest	org/threeten/bp/format	org/threeten/bp/format/DecimalStyle	getZeroDigit	()C
mvnc	org/threeten	threetenbp	1.6.5	org.threeten.bp.chrono.ChronoLocalDateTime_ESTest	org/threeten/bp/format	org/threeten/bp/format/DecimalStyle	convertNumberToI18N	(Ljava/lang/String;)Ljava/lang/String;
mvnc	org/threeten	threetenbp	1.6.5	org.threeten.bp.chrono.ChronoLocalDateTime_ESTest	org/threeten/bp/format	org/threeten/bp/format/DecimalStyle	<clinit>	()V
mvnc	org/threeten	threetenbp	1.6.5	org.threeten.bp.chrono.ChronoLocalDateTime_ESTest	org/threeten/bp/format	org/threeten/bp/format/SignStyle	<clinit>	()V
mvnc	org/threeten	threetenbp	1.6.5	org.threeten.bp.chrono.ChronoLocalDateTime_ESTest	org/threeten/bp/format	org/threeten/bp/format/SimpleDateTimeFormatStyleProvider	<init>	()V
mvnc	org/threeten	threetenbp	1.6.5	org.threeten.bp.chrono.ChronoLocalDateTime_ESTest	org/threeten/bp/format	org/threeten/bp/format/SimpleDateTimeFormatStyleProvider	getFormatter	(Lorg/threeten/bp/format/FormatStyle;Lorg/threeten/bp/format/FormatStyle;Lorg/threeten/bp/chrono/Chronology;Ljava/util/Locale;)Lorg/threeten/bp/format/DateTimeFormatter;
mvnc	org/threeten	threetenbp	1.6.5	org.threeten.bp.chrono.ChronoLocalDateTime_ESTest	org/threeten/bp/format	org/threeten/bp/format/SimpleDateTimeFormatStyleProvider	convertStyle	(Lorg/threeten/bp/format/FormatStyle;)I
mvnc	org/threeten	threetenbp	1.6.5	org.threeten.bp.chrono.ChronoLocalDateTime_ESTest	org/threeten/bp/format	org/threeten/bp/format/SimpleDateTimeFormatStyleProvider	<clinit>	()V
mvnc	org/threeten	threetenbp	1.6.5	org.threeten.bp.chrono.ChronoLocalDateTime_ESTest	org/threeten/bp/format	org/threeten/bp/format/DateTimePrintContext$1	<init>	(Lorg/threeten/bp/chrono/ChronoLocalDate;Lorg/threeten/bp/temporal/TemporalAccessor;Lorg/threeten/bp/chrono/Chronology;Lorg/threeten/bp/ZoneId;)V
mvnc	org/threeten	threetenbp	1.6.5	org.threeten.bp.chrono.ChronoLocalDateTime_ESTest	org/threeten/bp/format	org/threeten/bp/format/DateTimePrintContext$1	getLong	(Lorg/threeten/bp/temporal/TemporalField;)J
mvnc	org/threeten	threetenbp	1.6.5	org.threeten.bp.chrono.ChronoLocalDateTime_ESTest	org/threeten/bp/format	org/threeten/bp/format/DateTimePrintContext$1	query	(Lorg/threeten/bp/temporal/TemporalQuery;)Ljava/lang/Object;
mvnc	org/threeten	threetenbp	1.6.5	org.threeten.bp.chrono.ChronoLocalDateTime_ESTest	org/threeten/bp/format	org/threeten/bp/format/DateTimeFormatterBuilder$TextPrinterParser	<init>	(Lorg/threeten/bp/temporal/TemporalField;Lorg/threeten/bp/format/TextStyle;Lorg/threeten/bp/format/DateTimeTextProvider;)V
mvnc	org/threeten	threetenbp	1.6.5	org.threeten.bp.chrono.ChronoLocalDateTime_ESTest	org/threeten/bp/format	org/threeten/bp/format/DateTimeFormatterBuilder$TextPrinterParser	print	(Lorg/threeten/bp/format/DateTimePrintContext;Ljava/lang/StringBuilder;)Z
mvnc	org/threeten	threetenbp	1.6.5	org.threeten.bp.chrono.ChronoLocalDateTime_ESTest	org/threeten/bp/temporal	org/threeten/bp/temporal/IsoFields$Field$2	<init>	(Ljava/lang/String;I)V
mvnc	org/threeten	threetenbp	1.6.5	org.threeten.bp.chrono.ChronoLocalDateTime_ESTest	org/threeten/bp/temporal	org/threeten/bp/temporal/IsoFields$Field$1	<init>	(Ljava/lang/String;I)V
mvnc	org/threeten	threetenbp	1.6.5	org.threeten.bp.chrono.ChronoLocalDateTime_ESTest	org/threeten/bp/temporal	org/threeten/bp/temporal/IsoFields	<clinit>	()V
mvnc	org/threeten	threetenbp	1.6.5	org.threeten.bp.chrono.ChronoLocalDateTime_ESTest	org/threeten/bp/temporal	org/threeten/bp/temporal/IsoFields$Field$4	<init>	(Ljava/lang/String;I)V
mvnc	org/threeten	threetenbp	1.6.5	org.threeten.bp.chrono.ChronoLocalDateTime_ESTest	org/threeten/bp/temporal	org/threeten/bp/temporal/IsoFields$Field$3	<init>	(Ljava/lang/String;I)V
mvnc	org/threeten	threetenbp	1.6.5	org.threeten.bp.chrono.ChronoLocalDateTime_ESTest	org/threeten/bp/temporal	org/threeten/bp/temporal/UnsupportedTemporalTypeException	<init>	(Ljava/lang/String;)V
mvnc	org/threeten	threetenbp	1.6.5	org.threeten.bp.chrono.ChronoLocalDateTime_ESTest	org/threeten/bp/temporal	org/threeten/bp/temporal/IsoFields$Field	<clinit>	()V
mvnc	org/threeten	threetenbp	1.6.5	org.threeten.bp.chrono.ChronoLocalDateTime_ESTest	org/threeten/bp/temporal	org/threeten/bp/temporal/ValueRange	of	(JJ)Lorg/threeten/bp/temporal/ValueRange;
mvnc	org/threeten	threetenbp	1.6.5	org.threeten.bp.chrono.ChronoLocalDateTime_ESTest	org/threeten/bp/temporal	org/threeten/bp/temporal/ValueRange	of	(JJJ)Lorg/threeten/bp/temporal/ValueRange;
mvnc	org/threeten	threetenbp	1.6.5	org.threeten.bp.chrono.ChronoLocalDateTime_ESTest	org/threeten/bp/temporal	org/threeten/bp/temporal/ValueRange	of	(JJJJ)Lorg/threeten/bp/temporal/ValueRange;
mvnc	org/threeten	threetenbp	1.6.5	org.threeten.bp.chrono.ChronoLocalDateTime_ESTest	org/threeten/bp/temporal	org/threeten/bp/temporal/ValueRange	<init>	(JJJJ)V
mvnc	org/threeten	threetenbp	1.6.5	org.threeten.bp.chrono.ChronoLocalDateTime_ESTest	org/threeten/bp/temporal	org/threeten/bp/temporal/ValueRange	isFixed	()Z
mvnc	org/threeten	threetenbp	1.6.5	org.threeten.bp.chrono.ChronoLocalDateTime_ESTest	org/threeten/bp/temporal	org/threeten/bp/temporal/ValueRange	getMinimum	()J
mvnc	org/threeten	threetenbp	1.6.5	org.threeten.bp.chrono.ChronoLocalDateTime_ESTest	org/threeten/bp/temporal	org/threeten/bp/temporal/ValueRange	getMaximum	()J
mvnc	org/threeten	threetenbp	1.6.5	org.threeten.bp.chrono.ChronoLocalDateTime_ESTest	org/threeten/bp/temporal	org/threeten/bp/temporal/ValueRange	isIntValue	()Z
mvnc	org/threeten	threetenbp	1.6.5	org.threeten.bp.chrono.ChronoLocalDateTime_ESTest	org/threeten/bp/temporal	org/threeten/bp/temporal/ValueRange	isValidValue	(J)Z
mvnc	org/threeten	threetenbp	1.6.5	org.threeten.bp.chrono.ChronoLocalDateTime_ESTest	org/threeten/bp/temporal	org/threeten/bp/temporal/ValueRange	isValidIntValue	(J)Z
mvnc	org/threeten	threetenbp	1.6.5	org.threeten.bp.chrono.ChronoLocalDateTime_ESTest	org/threeten/bp/temporal	org/threeten/bp/temporal/ValueRange	checkValidValue	(JLorg/threeten/bp/temporal/TemporalField;)J
mvnc	org/threeten	threetenbp	1.6.5	org.threeten.bp.chrono.ChronoLocalDateTime_ESTest	org/threeten/bp/temporal	org/threeten/bp/temporal/ValueRange	checkValidIntValue	(JLorg/threeten/bp/temporal/TemporalField;)I
mvnc	org/threeten	threetenbp	1.6.5	org.threeten.bp.chrono.ChronoLocalDateTime_ESTest	org/threeten/bp/temporal	org/threeten/bp/temporal/ValueRange	toString	()Ljava/lang/String;
mvnc	org/threeten	threetenbp	1.6.5	org.threeten.bp.chrono.ChronoLocalDateTime_ESTest	org/threeten/bp/temporal	org/threeten/bp/temporal/TemporalQueries$2	<init>	()V
mvnc	org/threeten	threetenbp	1.6.5	org.threeten.bp.chrono.ChronoLocalDateTime_ESTest	org/threeten/bp/temporal	org/threeten/bp/temporal/TemporalQueries$1	<init>	()V
mvnc	org/threeten	threetenbp	1.6.5	org.threeten.bp.chrono.ChronoLocalDateTime_ESTest	org/threeten/bp/temporal	org/threeten/bp/temporal/TemporalQueries$4	<init>	()V
mvnc	org/threeten	threetenbp	1.6.5	org.threeten.bp.chrono.ChronoLocalDateTime_ESTest	org/threeten/bp/temporal	org/threeten/bp/temporal/TemporalQueries$3	<init>	()V
mvnc	org/threeten	threetenbp	1.6.5	org.threeten.bp.chrono.ChronoLocalDateTime_ESTest	org/threeten/bp/temporal	org/threeten/bp/temporal/TemporalQueries$6	<init>	()V
mvnc	org/threeten	threetenbp	1.6.5	org.threeten.bp.chrono.ChronoLocalDateTime_ESTest	org/threeten/bp/temporal	org/threeten/bp/temporal/TemporalQueries$5	<init>	()V
mvnc	org/threeten	threetenbp	1.6.5	org.threeten.bp.chrono.ChronoLocalDateTime_ESTest	org/threeten/bp/temporal	org/threeten/bp/temporal/TemporalQueries$7	<init>	()V
mvnc	org/threeten	threetenbp	1.6.5	org.threeten.bp.chrono.ChronoLocalDateTime_ESTest	org/threeten/bp/temporal	org/threeten/bp/temporal/IsoFields$Unit	<init>	(Ljava/lang/String;ILjava/lang/String;Lorg/threeten/bp/Duration;)V
mvnc	org/threeten	threetenbp	1.6.5	org.threeten.bp.chrono.ChronoLocalDateTime_ESTest	org/threeten/bp/temporal	org/threeten/bp/temporal/IsoFields$Unit	<clinit>	()V
mvnc	org/threeten	threetenbp	1.6.5	org.threeten.bp.chrono.ChronoLocalDateTime_ESTest	org/threeten/bp/temporal	org/threeten/bp/temporal/TemporalQueries	zoneId	()Lorg/threeten/bp/temporal/TemporalQuery;
mvnc	org/threeten	threetenbp	1.6.5	org.threeten.bp.chrono.ChronoLocalDateTime_ESTest	org/threeten/bp/temporal	org/threeten/bp/temporal/TemporalQueries	chronology	()Lorg/threeten/bp/temporal/TemporalQuery;
mvnc	org/threeten	threetenbp	1.6.5	org.threeten.bp.chrono.ChronoLocalDateTime_ESTest	org/threeten/bp/temporal	org/threeten/bp/temporal/TemporalQueries	precision	()Lorg/threeten/bp/temporal/TemporalQuery;
mvnc	org/threeten	threetenbp	1.6.5	org.threeten.bp.chrono.ChronoLocalDateTime_ESTest	org/threeten/bp/temporal	org/threeten/bp/temporal/TemporalQueries	zone	()Lorg/threeten/bp/temporal/TemporalQuery;
mvnc	org/threeten	threetenbp	1.6.5	org.threeten.bp.chrono.ChronoLocalDateTime_ESTest	org/threeten/bp/temporal	org/threeten/bp/temporal/TemporalQueries	offset	()Lorg/threeten/bp/temporal/TemporalQuery;
mvnc	org/threeten	threetenbp	1.6.5	org.threeten.bp.chrono.ChronoLocalDateTime_ESTest	org/threeten/bp/temporal	org/threeten/bp/temporal/TemporalQueries	localDate	()Lorg/threeten/bp/temporal/TemporalQuery;
mvnc	org/threeten	threetenbp	1.6.5	org.threeten.bp.chrono.ChronoLocalDateTime_ESTest	org/threeten/bp/temporal	org/threeten/bp/temporal/TemporalQueries	localTime	()Lorg/threeten/bp/temporal/TemporalQuery;
mvnc	org/threeten	threetenbp	1.6.5	org.threeten.bp.chrono.ChronoLocalDateTime_ESTest	org/threeten/bp/temporal	org/threeten/bp/temporal/TemporalQueries	<clinit>	()V
mvnc	org/threeten	threetenbp	1.6.5	org.threeten.bp.chrono.ChronoLocalDateTime_ESTest	org/threeten/bp/temporal	org/threeten/bp/temporal/ChronoUnit	<init>	(Ljava/lang/String;ILjava/lang/String;Lorg/threeten/bp/Duration;)V
mvnc	org/threeten	threetenbp	1.6.5	org.threeten.bp.chrono.ChronoLocalDateTime_ESTest	org/threeten/bp/temporal	org/threeten/bp/temporal/ChronoUnit	toString	()Ljava/lang/String;
mvnc	org/threeten	threetenbp	1.6.5	org.threeten.bp.chrono.ChronoLocalDateTime_ESTest	org/threeten/bp/temporal	org/threeten/bp/temporal/ChronoUnit	<clinit>	()V
mvnc	org/threeten	threetenbp	1.6.5	org.threeten.bp.chrono.ChronoLocalDateTime_ESTest	org/threeten/bp/temporal	org/threeten/bp/temporal/ChronoField	<init>	(Ljava/lang/String;ILjava/lang/String;Lorg/threeten/bp/temporal/TemporalUnit;Lorg/threeten/bp/temporal/TemporalUnit;Lorg/threeten/bp/temporal/ValueRange;)V
mvnc	org/threeten	threetenbp	1.6.5	org.threeten.bp.chrono.ChronoLocalDateTime_ESTest	org/threeten/bp/temporal	org/threeten/bp/temporal/ChronoField	getRangeUnit	()Lorg/threeten/bp/temporal/TemporalUnit;
mvnc	org/threeten	threetenbp	1.6.5	org.threeten.bp.chrono.ChronoLocalDateTime_ESTest	org/threeten/bp/temporal	org/threeten/bp/temporal/ChronoField	range	()Lorg/threeten/bp/temporal/ValueRange;
mvnc	org/threeten	threetenbp	1.6.5	org.threeten.bp.chrono.ChronoLocalDateTime_ESTest	org/threeten/bp/temporal	org/threeten/bp/temporal/ChronoField	isDateBased	()Z
mvnc	org/threeten	threetenbp	1.6.5	org.threeten.bp.chrono.ChronoLocalDateTime_ESTest	org/threeten/bp/temporal	org/threeten/bp/temporal/ChronoField	isTimeBased	()Z
mvnc	org/threeten	threetenbp	1.6.5	org.threeten.bp.chrono.ChronoLocalDateTime_ESTest	org/threeten/bp/temporal	org/threeten/bp/temporal/ChronoField	checkValidValue	(J)J
mvnc	org/threeten	threetenbp	1.6.5	org.threeten.bp.chrono.ChronoLocalDateTime_ESTest	org/threeten/bp/temporal	org/threeten/bp/temporal/ChronoField	checkValidIntValue	(J)I
mvnc	org/threeten	threetenbp	1.6.5	org.threeten.bp.chrono.ChronoLocalDateTime_ESTest	org/threeten/bp/temporal	org/threeten/bp/temporal/ChronoField	toString	()Ljava/lang/String;
mvnc	org/threeten	threetenbp	1.6.5	org.threeten.bp.chrono.ChronoLocalDateTime_ESTest	org/threeten/bp/temporal	org/threeten/bp/temporal/ChronoField	<clinit>	()V
mvnc	org/threeten	threetenbp	1.6.5	org.threeten.bp.chrono.ChronoLocalDateTime_ESTest	org/threeten/bp/jdk8	org/threeten/bp/jdk8/DefaultInterfaceTemporalAccessor	<init>	()V
mvnc	org/threeten	threetenbp	1.6.5	org.threeten.bp.chrono.ChronoLocalDateTime_ESTest	org/threeten/bp/jdk8	org/threeten/bp/jdk8/DefaultInterfaceTemporalAccessor	get	(Lorg/threeten/bp/temporal/TemporalField;)I
mvnc	org/threeten	threetenbp	1.6.5	org.threeten.bp.chrono.ChronoLocalDateTime_ESTest	org/threeten/bp/jdk8	org/threeten/bp/jdk8/DefaultInterfaceTemporalAccessor	query	(Lorg/threeten/bp/temporal/TemporalQuery;)Ljava/lang/Object;
mvnc	org/threeten	threetenbp	1.6.5	org.threeten.bp.chrono.ChronoLocalDateTime_ESTest	org/threeten/bp/jdk8	org/threeten/bp/jdk8/DefaultInterfaceTemporal	<init>	()V
mvnc	org/threeten	threetenbp	1.6.5	org.threeten.bp.chrono.ChronoLocalDateTime_ESTest	org/threeten/bp/jdk8	org/threeten/bp/jdk8/DefaultInterfaceTemporal	plus	(Lorg/threeten/bp/temporal/TemporalAmount;)Lorg/threeten/bp/temporal/Temporal;
mvnc	org/threeten	threetenbp	1.6.5	org.threeten.bp.chrono.ChronoLocalDateTime_ESTest	org/threeten/bp/jdk8	org/threeten/bp/jdk8/DefaultInterfaceTemporal	minus	(Lorg/threeten/bp/temporal/TemporalAmount;)Lorg/threeten/bp/temporal/Temporal;
mvnc	org/threeten	threetenbp	1.6.5	org.threeten.bp.chrono.ChronoLocalDateTime_ESTest	org/threeten/bp/jdk8	org/threeten/bp/jdk8/DefaultInterfaceTemporal	minus	(JLorg/threeten/bp/temporal/TemporalUnit;)Lorg/threeten/bp/temporal/Temporal;
mvnc	org/threeten	threetenbp	1.6.5	org.threeten.bp.chrono.ChronoLocalDateTime_ESTest	org/threeten/bp/jdk8	org/threeten/bp/jdk8/Jdk8Methods	requireNonNull	(Ljava/lang/Object;Ljava/lang/String;)Ljava/lang/Object;
mvnc	org/threeten	threetenbp	1.6.5	org.threeten.bp.chrono.ChronoLocalDateTime_ESTest	org/threeten/bp/jdk8	org/threeten/bp/jdk8/Jdk8Methods	equals	(Ljava/lang/Object;Ljava/lang/Object;)Z
mvnc	org/threeten	threetenbp	1.6.5	org.threeten.bp.chrono.ChronoLocalDateTime_ESTest	org/threeten/bp/jdk8	org/threeten/bp/jdk8/Jdk8Methods	compareInts	(II)I
mvnc	org/threeten	threetenbp	1.6.5	org.threeten.bp.chrono.ChronoLocalDateTime_ESTest	org/threeten/bp/jdk8	org/threeten/bp/jdk8/Jdk8Methods	compareLongs	(JJ)I
mvnc	org/threeten	threetenbp	1.6.5	org.threeten.bp.chrono.ChronoLocalDateTime_ESTest	org/threeten/bp/jdk8	org/threeten/bp/jdk8/Jdk8Methods	safeAdd	(JJ)J
mvnc	org/threeten	threetenbp	1.6.5	org.threeten.bp.chrono.ChronoLocalDateTime_ESTest	org/threeten/bp/jdk8	org/threeten/bp/jdk8/Jdk8Methods	safeMultiply	(JI)J
mvnc	org/threeten	threetenbp	1.6.5	org.threeten.bp.chrono.ChronoLocalDateTime_ESTest	org/threeten/bp/jdk8	org/threeten/bp/jdk8/Jdk8Methods	floorDiv	(JJ)J
mvnc	org/threeten	threetenbp	1.6.5	org.threeten.bp.chrono.ChronoLocalDateTime_ESTest	org/threeten/bp/jdk8	org/threeten/bp/jdk8/Jdk8Methods	floorMod	(JJ)J
mvnc	org/threeten	threetenbp	1.6.5	org.threeten.bp.chrono.ChronoLocalDateTime_ESTest	org/threeten/bp/jdk8	org/threeten/bp/jdk8/Jdk8Methods	floorMod	(JI)I
mvnc	org/threeten	threetenbp	1.6.5	org.threeten.bp.chrono.ChronoLocalDateTime_ESTest	org/threeten/bp/jdk8	org/threeten/bp/jdk8/DefaultInterfaceEra	<init>	()V
mvnc	org/threeten	threetenbp	1.6.5	org.threeten.bp.chrono.ChronoLocalDateTime_ESTest	org/threeten/bp/zone	org/threeten/bp/zone/ZoneRulesProvider	registerProvider	(Lorg/threeten/bp/zone/ZoneRulesProvider;)V
mvnc	org/threeten	threetenbp	1.6.5	org.threeten.bp.chrono.ChronoLocalDateTime_ESTest	org/threeten/bp/zone	org/threeten/bp/zone/ZoneRulesProvider	registerProvider0	(Lorg/threeten/bp/zone/ZoneRulesProvider;)V
mvnc	org/threeten	threetenbp	1.6.5	org.threeten.bp.chrono.ChronoLocalDateTime_ESTest	org/threeten/bp/zone	org/threeten/bp/zone/ZoneRulesProvider	<init>	()V
mvnc	org/threeten	threetenbp	1.6.5	org.threeten.bp.chrono.ChronoLocalDateTime_ESTest	org/threeten/bp/zone	org/threeten/bp/zone/ZoneRulesProvider	<clinit>	()V
mvnc	org/threeten	threetenbp	1.6.5	org.threeten.bp.chrono.ChronoLocalDateTime_ESTest	org/threeten/bp/zone	org/threeten/bp/zone/ZoneRulesInitializer	<init>	()V
mvnc	org/threeten	threetenbp	1.6.5	org.threeten.bp.chrono.ChronoLocalDateTime_ESTest	org/threeten/bp/zone	org/threeten/bp/zone/ZoneRulesInitializer	initialize	()V
mvnc	org/threeten	threetenbp	1.6.5	org.threeten.bp.chrono.ChronoLocalDateTime_ESTest	org/threeten/bp/zone	org/threeten/bp/zone/ZoneRulesInitializer	<clinit>	()V
mvnc	org/threeten	threetenbp	1.6.5	org.threeten.bp.chrono.ChronoLocalDateTime_ESTest	org/threeten/bp/zone	org/threeten/bp/zone/TzdbZoneRulesProvider	<init>	()V
mvnc	org/threeten	threetenbp	1.6.5	org.threeten.bp.chrono.ChronoLocalDateTime_ESTest	org/threeten/bp/zone	org/threeten/bp/zone/TzdbZoneRulesProvider	provideZoneIds	()Ljava/util/Set;
mvnc	org/threeten	threetenbp	1.6.5	org.threeten.bp.chrono.ChronoLocalDateTime_ESTest	org/threeten/bp/zone	org/threeten/bp/zone/TzdbZoneRulesProvider	load	(Ljava/lang/ClassLoader;)Z
mvnc	org/threeten	threetenbp	1.6.5	org.threeten.bp.chrono.ChronoLocalDateTime_ESTest	org/threeten/bp/zone	org/threeten/bp/zone/TzdbZoneRulesProvider	load	(Ljava/net/URL;)Z
mvnc	org/threeten	threetenbp	1.6.5	org.threeten.bp.chrono.ChronoLocalDateTime_ESTest	org/threeten/bp/zone	org/threeten/bp/zone/TzdbZoneRulesProvider	load	(Ljava/io/InputStream;)Z
mvnc	org/threeten	threetenbp	1.6.5	org.threeten.bp.chrono.ChronoLocalDateTime_ESTest	org/threeten/bp/zone	org/threeten/bp/zone/TzdbZoneRulesProvider	loadData	(Ljava/io/InputStream;)Ljava/lang/Iterable;
mvnc	org/threeten	threetenbp	1.6.5	org.threeten.bp.chrono.ChronoLocalDateTime_ESTest	org/threeten/bp/zone	org/threeten/bp/zone/ZoneOffsetTransitionRule$TimeDefinition	<clinit>	()V
mvnc	org/threeten	threetenbp	1.6.5	org.threeten.bp.chrono.ChronoLocalDateTime_ESTest	org/threeten/bp/zone	org/threeten/bp/zone/ZoneRules$Fixed	<init>	(Lorg/threeten/bp/ZoneOffset;)V
mvnc	org/threeten	threetenbp	1.6.5	org.threeten.bp.chrono.ChronoLocalDateTime_ESTest	org/threeten/bp/zone	org/threeten/bp/zone/ZoneRules$Fixed	getOffset	(Lorg/threeten/bp/Instant;)Lorg/threeten/bp/ZoneOffset;
mvnc	org/threeten	threetenbp	1.6.5	org.threeten.bp.chrono.ChronoLocalDateTime_ESTest	org/threeten/bp/zone	org/threeten/bp/zone/ZoneRules$Fixed	getValidOffsets	(Lorg/threeten/bp/LocalDateTime;)Ljava/util/List;
mvnc	org/threeten	threetenbp	1.6.5	org.threeten.bp.chrono.ChronoLocalDateTime_ESTest	org/threeten/bp/zone	org/threeten/bp/zone/TzdbZoneRulesProvider$Version	<init>	(Ljava/lang/String;[Ljava/lang/String;[SLjava/util/concurrent/atomic/AtomicReferenceArray;)V
mvnc	org/threeten	threetenbp	1.6.5	org.threeten.bp.chrono.ChronoLocalDateTime_ESTest	org/threeten/bp/zone	org/threeten/bp/zone/ZoneRules	of	(Lorg/threeten/bp/ZoneOffset;)Lorg/threeten/bp/zone/ZoneRules;
mvnc	org/threeten	threetenbp	1.6.5	org.threeten.bp.chrono.ChronoLocalDateTime_ESTest	org/threeten/bp/zone	org/threeten/bp/zone/ZoneRules	<init>	()V
mvnc	org/threeten	threetenbp	1.6.5	org.threeten.bp.chrono.ChronoLocalDateTime_ESTest	org/threeten/bp/zone	org/threeten/bp/zone/ZoneRulesInitializer$ServiceLoaderZoneRulesInitializer	<init>	()V
mvnc	org/threeten	threetenbp	1.6.5	org.threeten.bp.chrono.ChronoLocalDateTime_ESTest	org/threeten/bp/zone	org/threeten/bp/zone/ZoneRulesInitializer$ServiceLoaderZoneRulesInitializer	initializeProviders	()V
mvnc	org/threeten	threetenbp	1.6.5	org.threeten.bp.chrono.ChronoLocalDateTime_ESTest	org/threeten/bp/zone	org/threeten/bp/zone/ZoneRulesInitializer$DoNothingZoneRulesInitializer	<init>	()V
mvnc	org/threeten	threetenbp	1.6.5	org.threeten.bp.chrono.ChronoLocalDateTime_ESTest	org/threeten/bp/chrono	org/threeten/bp/chrono/ChronoZonedDateTimeImpl	ofBest	(Lorg/threeten/bp/chrono/ChronoLocalDateTimeImpl;Lorg/threeten/bp/ZoneId;Lorg/threeten/bp/ZoneOffset;)Lorg/threeten/bp/chrono/ChronoZonedDateTime;
mvnc	org/threeten	threetenbp	1.6.5	org.threeten.bp.chrono.ChronoLocalDateTime_ESTest	org/threeten/bp/chrono	org/threeten/bp/chrono/ChronoZonedDateTimeImpl	ofInstant	(Lorg/threeten/bp/chrono/Chronology;Lorg/threeten/bp/Instant;Lorg/threeten/bp/ZoneId;)Lorg/threeten/bp/chrono/ChronoZonedDateTimeImpl;
mvnc	org/threeten	threetenbp	1.6.5	org.threeten.bp.chrono.ChronoLocalDateTime_ESTest	org/threeten/bp/chrono	org/threeten/bp/chrono/ChronoZonedDateTimeImpl	<init>	(Lorg/threeten/bp/chrono/ChronoLocalDateTimeImpl;Lorg/threeten/bp/ZoneOffset;Lorg/threeten/bp/ZoneId;)V
mvnc	org/threeten	threetenbp	1.6.5	org.threeten.bp.chrono.ChronoLocalDateTime_ESTest	org/threeten/bp/chrono	org/threeten/bp/chrono/ChronoZonedDateTimeImpl	getOffset	()Lorg/threeten/bp/ZoneOffset;
mvnc	org/threeten	threetenbp	1.6.5	org.threeten.bp.chrono.ChronoLocalDateTime_ESTest	org/threeten/bp/chrono	org/threeten/bp/chrono/ChronoZonedDateTimeImpl	toLocalDateTime	()Lorg/threeten/bp/chrono/ChronoLocalDateTime;
mvnc	org/threeten	threetenbp	1.6.5	org.threeten.bp.chrono.ChronoLocalDateTime_ESTest	org/threeten/bp/chrono	org/threeten/bp/chrono/ChronoZonedDateTimeImpl	with	(Lorg/threeten/bp/temporal/TemporalField;J)Lorg/threeten/bp/chrono/ChronoZonedDateTime;
mvnc	org/threeten	threetenbp	1.6.5	org.threeten.bp.chrono.ChronoLocalDateTime_ESTest	org/threeten/bp/chrono	org/threeten/bp/chrono/Chronology	from	(Lorg/threeten/bp/temporal/TemporalAccessor;)Lorg/threeten/bp/chrono/Chronology;
mvnc	org/threeten	threetenbp	1.6.5	org.threeten.bp.chrono.ChronoLocalDateTime_ESTest	org/threeten/bp/chrono	org/threeten/bp/chrono/Chronology	<init>	()V
mvnc	org/threeten	threetenbp	1.6.5	org.threeten.bp.chrono.ChronoLocalDateTime_ESTest	org/threeten/bp/chrono	org/threeten/bp/chrono/Chronology	ensureChronoLocalDate	(Lorg/threeten/bp/temporal/Temporal;)Lorg/threeten/bp/chrono/ChronoLocalDate;
mvnc	org/threeten	threetenbp	1.6.5	org.threeten.bp.chrono.ChronoLocalDateTime_ESTest	org/threeten/bp/chrono	org/threeten/bp/chrono/Chronology	ensureChronoLocalDateTime	(Lorg/threeten/bp/temporal/Temporal;)Lorg/threeten/bp/chrono/ChronoLocalDateTimeImpl;
mvnc	org/threeten	threetenbp	1.6.5	org.threeten.bp.chrono.ChronoLocalDateTime_ESTest	org/threeten/bp/chrono	org/threeten/bp/chrono/Chronology	dateNow	()Lorg/threeten/bp/chrono/ChronoLocalDate;
mvnc	org/threeten	threetenbp	1.6.5	org.threeten.bp.chrono.ChronoLocalDateTime_ESTest	org/threeten/bp/chrono	org/threeten/bp/chrono/Chronology	dateNow	(Lorg/threeten/bp/Clock;)Lorg/threeten/bp/chrono/ChronoLocalDate;
mvnc	org/threeten	threetenbp	1.6.5	org.threeten.bp.chrono.ChronoLocalDateTime_ESTest	org/threeten/bp/chrono	org/threeten/bp/chrono/Chronology	localDateTime	(Lorg/threeten/bp/temporal/TemporalAccessor;)Lorg/threeten/bp/chrono/ChronoLocalDateTime;
mvnc	org/threeten	threetenbp	1.6.5	org.threeten.bp.chrono.ChronoLocalDateTime_ESTest	org/threeten/bp/chrono	org/threeten/bp/chrono/Chronology	zonedDateTime	(Lorg/threeten/bp/temporal/TemporalAccessor;)Lorg/threeten/bp/chrono/ChronoZonedDateTime;
mvnc	org/threeten	threetenbp	1.6.5	org.threeten.bp.chrono.ChronoLocalDateTime_ESTest	org/threeten/bp/chrono	org/threeten/bp/chrono/Chronology	period	(III)Lorg/threeten/bp/chrono/ChronoPeriod;
mvnc	org/threeten	threetenbp	1.6.5	org.threeten.bp.chrono.ChronoLocalDateTime_ESTest	org/threeten/bp/chrono	org/threeten/bp/chrono/Chronology	compareTo	(Lorg/threeten/bp/chrono/Chronology;)I
mvnc	org/threeten	threetenbp	1.6.5	org.threeten.bp.chrono.ChronoLocalDateTime_ESTest	org/threeten/bp/chrono	org/threeten/bp/chrono/Chronology	equals	(Ljava/lang/Object;)Z
mvnc	org/threeten	threetenbp	1.6.5	org.threeten.bp.chrono.ChronoLocalDateTime_ESTest	org/threeten/bp/chrono	org/threeten/bp/chrono/Chronology	toString	()Ljava/lang/String;
mvnc	org/threeten	threetenbp	1.6.5	org.threeten.bp.chrono.ChronoLocalDateTime_ESTest	org/threeten/bp/chrono	org/threeten/bp/chrono/Chronology	<clinit>	()V
mvnc	org/threeten	threetenbp	1.6.5	org.threeten.bp.chrono.ChronoLocalDateTime_ESTest	org/threeten/bp/chrono	org/threeten/bp/chrono/ChronoLocalDate	<init>	()V
mvnc	org/threeten	threetenbp	1.6.5	org.threeten.bp.chrono.ChronoLocalDateTime_ESTest	org/threeten/bp/chrono	org/threeten/bp/chrono/ChronoLocalDate	getEra	()Lorg/threeten/bp/chrono/Era;
mvnc	org/threeten	threetenbp	1.6.5	org.threeten.bp.chrono.ChronoLocalDateTime_ESTest	org/threeten/bp/chrono	org/threeten/bp/chrono/ChronoLocalDate	isSupported	(Lorg/threeten/bp/temporal/TemporalField;)Z
mvnc	org/threeten	threetenbp	1.6.5	org.threeten.bp.chrono.ChronoLocalDateTime_ESTest	org/threeten/bp/chrono	org/threeten/bp/chrono/ChronoLocalDate	compareTo	(Lorg/threeten/bp/chrono/ChronoLocalDate;)I
mvnc	org/threeten	threetenbp	1.6.5	org.threeten.bp.chrono.ChronoLocalDateTime_ESTest	org/threeten/bp/chrono	org/threeten/bp/chrono/ChronoLocalDate	toString	()Ljava/lang/String;
mvnc	org/threeten	threetenbp	1.6.5	org.threeten.bp.chrono.ChronoLocalDateTime_ESTest	org/threeten/bp/chrono	org/threeten/bp/chrono/ChronoLocalDate	<clinit>	()V
mvnc	org/threeten	threetenbp	1.6.5	org.threeten.bp.chrono.ChronoLocalDateTime_ESTest	org/threeten/bp/chrono	org/threeten/bp/chrono/ChronoZonedDateTime	<init>	()V
mvnc	org/threeten	threetenbp	1.6.5	org.threeten.bp.chrono.ChronoLocalDateTime_ESTest	org/threeten/bp/chrono	org/threeten/bp/chrono/ChronoZonedDateTime	toLocalDate	()Lorg/threeten/bp/chrono/ChronoLocalDate;
mvnc	org/threeten	threetenbp	1.6.5	org.threeten.bp.chrono.ChronoLocalDateTime_ESTest	org/threeten/bp/chrono	org/threeten/bp/chrono/ChronoZonedDateTime	toLocalTime	()Lorg/threeten/bp/LocalTime;
mvnc	org/threeten	threetenbp	1.6.5	org.threeten.bp.chrono.ChronoLocalDateTime_ESTest	org/threeten/bp/chrono	org/threeten/bp/chrono/ChronoZonedDateTime	query	(Lorg/threeten/bp/temporal/TemporalQuery;)Ljava/lang/Object;
mvnc	org/threeten	threetenbp	1.6.5	org.threeten.bp.chrono.ChronoLocalDateTime_ESTest	org/threeten/bp/chrono	org/threeten/bp/chrono/ChronoZonedDateTime	<clinit>	()V
mvnc	org/threeten	threetenbp	1.6.5	org.threeten.bp.chrono.ChronoLocalDateTime_ESTest	org/threeten/bp/chrono	org/threeten/bp/chrono/ChronoLocalDateTime$1	<init>	()V
mvnc	org/threeten	threetenbp	1.6.5	org.threeten.bp.chrono.ChronoLocalDateTime_ESTest	org/threeten/bp/chrono	org/threeten/bp/chrono/MinguoEra	<clinit>	()V
mvnc	org/threeten	threetenbp	1.6.5	org.threeten.bp.chrono.ChronoLocalDateTime_ESTest	org/threeten/bp/chrono	org/threeten/bp/chrono/JapaneseChronology	getCalendarType	()Ljava/lang/String;
mvnc	org/threeten	threetenbp	1.6.5	org.threeten.bp.chrono.ChronoLocalDateTime_ESTest	org/threeten/bp/chrono	org/threeten/bp/chrono/JapaneseChronology	dateEpochDay	(J)Lorg/threeten/bp/chrono/JapaneseDate;
mvnc	org/threeten	threetenbp	1.6.5	org.threeten.bp.chrono.ChronoLocalDateTime_ESTest	org/threeten/bp/chrono	org/threeten/bp/chrono/JapaneseChronology	date	(Lorg/threeten/bp/temporal/TemporalAccessor;)Lorg/threeten/bp/chrono/JapaneseDate;
mvnc	org/threeten	threetenbp	1.6.5	org.threeten.bp.chrono.ChronoLocalDateTime_ESTest	org/threeten/bp/chrono	org/threeten/bp/chrono/JapaneseChronology	dateNow	()Lorg/threeten/bp/chrono/JapaneseDate;
mvnc	org/threeten	threetenbp	1.6.5	org.threeten.bp.chrono.ChronoLocalDateTime_ESTest	org/threeten/bp/chrono	org/threeten/bp/chrono/JapaneseChronology	dateNow	(Lorg/threeten/bp/Clock;)Lorg/threeten/bp/chrono/JapaneseDate;
mvnc	org/threeten	threetenbp	1.6.5	org.threeten.bp.chrono.ChronoLocalDateTime_ESTest	org/threeten/bp/chrono	org/threeten/bp/chrono/JapaneseChronology	<clinit>	()V
mvnc	org/threeten	threetenbp	1.6.5	org.threeten.bp.chrono.ChronoLocalDateTime_ESTest	org/threeten/bp/chrono	org/threeten/bp/chrono/Chronology$1	<init>	()V
mvnc	org/threeten	threetenbp	1.6.5	org.threeten.bp.chrono.ChronoLocalDateTime_ESTest	org/threeten/bp/chrono	org/threeten/bp/chrono/JapaneseEra	<init>	(ILorg/threeten/bp/LocalDate;Ljava/lang/String;)V
mvnc	org/threeten	threetenbp	1.6.5	org.threeten.bp.chrono.ChronoLocalDateTime_ESTest	org/threeten/bp/chrono	org/threeten/bp/chrono/JapaneseEra	from	(Lorg/threeten/bp/LocalDate;)Lorg/threeten/bp/chrono/JapaneseEra;
mvnc	org/threeten	threetenbp	1.6.5	org.threeten.bp.chrono.ChronoLocalDateTime_ESTest	org/threeten/bp/chrono	org/threeten/bp/chrono/JapaneseEra	startDate	()Lorg/threeten/bp/LocalDate;
mvnc	org/threeten	threetenbp	1.6.5	org.threeten.bp.chrono.ChronoLocalDateTime_ESTest	org/threeten/bp/chrono	org/threeten/bp/chrono/JapaneseEra	<clinit>	()V
mvnc	org/threeten	threetenbp	1.6.5	org.threeten.bp.chrono.ChronoLocalDateTime_ESTest	org/threeten/bp/chrono	org/threeten/bp/chrono/ChronoLocalDateTime	<init>	()V
mvnc	org/threeten	threetenbp	1.6.5	org.threeten.bp.chrono.ChronoLocalDateTime_ESTest	org/threeten/bp/chrono	org/threeten/bp/chrono/ChronoLocalDateTime	timeLineOrder	()Ljava/util/Comparator;
mvnc	org/threeten	threetenbp	1.6.5	org.threeten.bp.chrono.ChronoLocalDateTime_ESTest	org/threeten/bp/chrono	org/threeten/bp/chrono/ChronoLocalDateTime	from	(Lorg/threeten/bp/temporal/TemporalAccessor;)Lorg/threeten/bp/chrono/ChronoLocalDateTime;
mvnc	org/threeten	threetenbp	1.6.5	org.threeten.bp.chrono.ChronoLocalDateTime_ESTest	org/threeten/bp/chrono	org/threeten/bp/chrono/ChronoLocalDateTime	getChronology	()Lorg/threeten/bp/chrono/Chronology;
mvnc	org/threeten	threetenbp	1.6.5	org.threeten.bp.chrono.ChronoLocalDateTime_ESTest	org/threeten/bp/chrono	org/threeten/bp/chrono/ChronoLocalDateTime	plus	(Lorg/threeten/bp/temporal/TemporalAmount;)Lorg/threeten/bp/chrono/ChronoLocalDateTime;
mvnc	org/threeten	threetenbp	1.6.5	org.threeten.bp.chrono.ChronoLocalDateTime_ESTest	org/threeten/bp/chrono	org/threeten/bp/chrono/ChronoLocalDateTime	minus	(Lorg/threeten/bp/temporal/TemporalAmount;)Lorg/threeten/bp/chrono/ChronoLocalDateTime;
mvnc	org/threeten	threetenbp	1.6.5	org.threeten.bp.chrono.ChronoLocalDateTime_ESTest	org/threeten/bp/chrono	org/threeten/bp/chrono/ChronoLocalDateTime	minus	(JLorg/threeten/bp/temporal/TemporalUnit;)Lorg/threeten/bp/chrono/ChronoLocalDateTime;
mvnc	org/threeten	threetenbp	1.6.5	org.threeten.bp.chrono.ChronoLocalDateTime_ESTest	org/threeten/bp/chrono	org/threeten/bp/chrono/ChronoLocalDateTime	query	(Lorg/threeten/bp/temporal/TemporalQuery;)Ljava/lang/Object;
mvnc	org/threeten	threetenbp	1.6.5	org.threeten.bp.chrono.ChronoLocalDateTime_ESTest	org/threeten/bp/chrono	org/threeten/bp/chrono/ChronoLocalDateTime	adjustInto	(Lorg/threeten/bp/temporal/Temporal;)Lorg/threeten/bp/temporal/Temporal;
mvnc	org/threeten	threetenbp	1.6.5	org.threeten.bp.chrono.ChronoLocalDateTime_ESTest	org/threeten/bp/chrono	org/threeten/bp/chrono/ChronoLocalDateTime	format	(Lorg/threeten/bp/format/DateTimeFormatter;)Ljava/lang/String;
mvnc	org/threeten	threetenbp	1.6.5	org.threeten.bp.chrono.ChronoLocalDateTime_ESTest	org/threeten/bp/chrono	org/threeten/bp/chrono/ChronoLocalDateTime	toInstant	(Lorg/threeten/bp/ZoneOffset;)Lorg/threeten/bp/Instant;
mvnc	org/threeten	threetenbp	1.6.5	org.threeten.bp.chrono.ChronoLocalDateTime_ESTest	org/threeten/bp/chrono	org/threeten/bp/chrono/ChronoLocalDateTime	toEpochSecond	(Lorg/threeten/bp/ZoneOffset;)J
mvnc	org/threeten	threetenbp	1.6.5	org.threeten.bp.chrono.ChronoLocalDateTime_ESTest	org/threeten/bp/chrono	org/threeten/bp/chrono/ChronoLocalDateTime	compareTo	(Lorg/threeten/bp/chrono/ChronoLocalDateTime;)I
mvnc	org/threeten	threetenbp	1.6.5	org.threeten.bp.chrono.ChronoLocalDateTime_ESTest	org/threeten/bp/chrono	org/threeten/bp/chrono/ChronoLocalDateTime	isAfter	(Lorg/threeten/bp/chrono/ChronoLocalDateTime;)Z
mvnc	org/threeten	threetenbp	1.6.5	org.threeten.bp.chrono.ChronoLocalDateTime_ESTest	org/threeten/bp/chrono	org/threeten/bp/chrono/ChronoLocalDateTime	isBefore	(Lorg/threeten/bp/chrono/ChronoLocalDateTime;)Z
mvnc	org/threeten	threetenbp	1.6.5	org.threeten.bp.chrono.ChronoLocalDateTime_ESTest	org/threeten/bp/chrono	org/threeten/bp/chrono/ChronoLocalDateTime	isEqual	(Lorg/threeten/bp/chrono/ChronoLocalDateTime;)Z
mvnc	org/threeten	threetenbp	1.6.5	org.threeten.bp.chrono.ChronoLocalDateTime_ESTest	org/threeten/bp/chrono	org/threeten/bp/chrono/ChronoLocalDateTime	equals	(Ljava/lang/Object;)Z
mvnc	org/threeten	threetenbp	1.6.5	org.threeten.bp.chrono.ChronoLocalDateTime_ESTest	org/threeten/bp/chrono	org/threeten/bp/chrono/ChronoLocalDateTime	hashCode	()I
mvnc	org/threeten	threetenbp	1.6.5	org.threeten.bp.chrono.ChronoLocalDateTime_ESTest	org/threeten/bp/chrono	org/threeten/bp/chrono/ChronoLocalDateTime	toString	()Ljava/lang/String;
mvnc	org/threeten	threetenbp	1.6.5	org.threeten.bp.chrono.ChronoLocalDateTime_ESTest	org/threeten/bp/chrono	org/threeten/bp/chrono/ChronoLocalDateTime	<clinit>	()V
mvnc	org/threeten	threetenbp	1.6.5	org.threeten.bp.chrono.ChronoLocalDateTime_ESTest	org/threeten/bp/chrono	org/threeten/bp/chrono/ChronoLocalDateTimeImpl	of	(Lorg/threeten/bp/chrono/ChronoLocalDate;Lorg/threeten/bp/LocalTime;)Lorg/threeten/bp/chrono/ChronoLocalDateTimeImpl;
mvnc	org/threeten	threetenbp	1.6.5	org.threeten.bp.chrono.ChronoLocalDateTime_ESTest	org/threeten/bp/chrono	org/threeten/bp/chrono/ChronoLocalDateTimeImpl	<init>	(Lorg/threeten/bp/chrono/ChronoLocalDate;Lorg/threeten/bp/LocalTime;)V
mvnc	org/threeten	threetenbp	1.6.5	org.threeten.bp.chrono.ChronoLocalDateTime_ESTest	org/threeten/bp/chrono	org/threeten/bp/chrono/ChronoLocalDateTimeImpl	with	(Lorg/threeten/bp/temporal/Temporal;Lorg/threeten/bp/LocalTime;)Lorg/threeten/bp/chrono/ChronoLocalDateTimeImpl;
mvnc	org/threeten	threetenbp	1.6.5	org.threeten.bp.chrono.ChronoLocalDateTime_ESTest	org/threeten/bp/chrono	org/threeten/bp/chrono/ChronoLocalDateTimeImpl	toLocalDate	()Lorg/threeten/bp/chrono/ChronoLocalDate;
mvnc	org/threeten	threetenbp	1.6.5	org.threeten.bp.chrono.ChronoLocalDateTime_ESTest	org/threeten/bp/chrono	org/threeten/bp/chrono/ChronoLocalDateTimeImpl	toLocalTime	()Lorg/threeten/bp/LocalTime;
mvnc	org/threeten	threetenbp	1.6.5	org.threeten.bp.chrono.ChronoLocalDateTime_ESTest	org/threeten/bp/chrono	org/threeten/bp/chrono/ChronoLocalDateTimeImpl	isSupported	(Lorg/threeten/bp/temporal/TemporalField;)Z
mvnc	org/threeten	threetenbp	1.6.5	org.threeten.bp.chrono.ChronoLocalDateTime_ESTest	org/threeten/bp/chrono	org/threeten/bp/chrono/ChronoLocalDateTimeImpl	getLong	(Lorg/threeten/bp/temporal/TemporalField;)J
mvnc	org/threeten	threetenbp	1.6.5	org.threeten.bp.chrono.ChronoLocalDateTime_ESTest	org/threeten/bp/chrono	org/threeten/bp/chrono/ChronoLocalDateTimeImpl	with	(Lorg/threeten/bp/temporal/TemporalAdjuster;)Lorg/threeten/bp/chrono/ChronoLocalDateTimeImpl;
mvnc	org/threeten	threetenbp	1.6.5	org.threeten.bp.chrono.ChronoLocalDateTime_ESTest	org/threeten/bp/chrono	org/threeten/bp/chrono/ChronoLocalDateTimeImpl	with	(Lorg/threeten/bp/temporal/TemporalField;J)Lorg/threeten/bp/chrono/ChronoLocalDateTimeImpl;
mvnc	org/threeten	threetenbp	1.6.5	org.threeten.bp.chrono.ChronoLocalDateTime_ESTest	org/threeten/bp/chrono	org/threeten/bp/chrono/ChronoLocalDateTimeImpl	plus	(JLorg/threeten/bp/temporal/TemporalUnit;)Lorg/threeten/bp/chrono/ChronoLocalDateTimeImpl;
mvnc	org/threeten	threetenbp	1.6.5	org.threeten.bp.chrono.ChronoLocalDateTime_ESTest	org/threeten/bp/chrono	org/threeten/bp/chrono/ChronoLocalDateTimeImpl	plusDays	(J)Lorg/threeten/bp/chrono/ChronoLocalDateTimeImpl;
mvnc	org/threeten	threetenbp	1.6.5	org.threeten.bp.chrono.ChronoLocalDateTime_ESTest	org/threeten/bp/chrono	org/threeten/bp/chrono/ChronoLocalDateTimeImpl	plusSeconds	(J)Lorg/threeten/bp/chrono/ChronoLocalDateTimeImpl;
mvnc	org/threeten	threetenbp	1.6.5	org.threeten.bp.chrono.ChronoLocalDateTime_ESTest	org/threeten/bp/chrono	org/threeten/bp/chrono/ChronoLocalDateTimeImpl	plusNanos	(J)Lorg/threeten/bp/chrono/ChronoLocalDateTimeImpl;
mvnc	org/threeten	threetenbp	1.6.5	org.threeten.bp.chrono.ChronoLocalDateTime_ESTest	org/threeten/bp/chrono	org/threeten/bp/chrono/ChronoLocalDateTimeImpl	plusWithOverflow	(Lorg/threeten/bp/chrono/ChronoLocalDate;JJJJ)Lorg/threeten/bp/chrono/ChronoLocalDateTimeImpl;
mvnc	org/threeten	threetenbp	1.6.5	org.threeten.bp.chrono.ChronoLocalDateTime_ESTest	org/threeten/bp/chrono	org/threeten/bp/chrono/ChronoLocalDateTimeImpl	atZone	(Lorg/threeten/bp/ZoneId;)Lorg/threeten/bp/chrono/ChronoZonedDateTime;
mvnc	org/threeten	threetenbp	1.6.5	org.threeten.bp.chrono.ChronoLocalDateTime_ESTest	org/threeten/bp/chrono	org/threeten/bp/chrono/JapaneseDate	now	(Lorg/threeten/bp/ZoneId;)Lorg/threeten/bp/chrono/JapaneseDate;
mvnc	org/threeten	threetenbp	1.6.5	org.threeten.bp.chrono.ChronoLocalDateTime_ESTest	org/threeten/bp/chrono	org/threeten/bp/chrono/JapaneseDate	now	(Lorg/threeten/bp/Clock;)Lorg/threeten/bp/chrono/JapaneseDate;
mvnc	org/threeten	threetenbp	1.6.5	org.threeten.bp.chrono.ChronoLocalDateTime_ESTest	org/threeten/bp/chrono	org/threeten/bp/chrono/JapaneseDate	<init>	(Lorg/threeten/bp/LocalDate;)V
mvnc	org/threeten	threetenbp	1.6.5	org.threeten.bp.chrono.ChronoLocalDateTime_ESTest	org/threeten/bp/chrono	org/threeten/bp/chrono/JapaneseDate	getChronology	()Lorg/threeten/bp/chrono/JapaneseChronology;
mvnc	org/threeten	threetenbp	1.6.5	org.threeten.bp.chrono.ChronoLocalDateTime_ESTest	org/threeten/bp/chrono	org/threeten/bp/chrono/JapaneseDate	atTime	(Lorg/threeten/bp/LocalTime;)Lorg/threeten/bp/chrono/ChronoLocalDateTime;
mvnc	org/threeten	threetenbp	1.6.5	org.threeten.bp.chrono.ChronoLocalDateTime_ESTest	org/threeten/bp/chrono	org/threeten/bp/chrono/JapaneseDate	toEpochDay	()J
mvnc	org/threeten	threetenbp	1.6.5	org.threeten.bp.chrono.ChronoLocalDateTime_ESTest	org/threeten/bp/chrono	org/threeten/bp/chrono/JapaneseDate	<clinit>	()V
mvnc	org/threeten	threetenbp	1.6.5	org.threeten.bp.chrono.ChronoLocalDateTime_ESTest	org/threeten/bp/chrono	org/threeten/bp/chrono/IsoChronology	getId	()Ljava/lang/String;
mvnc	org/threeten	threetenbp	1.6.5	org.threeten.bp.chrono.ChronoLocalDateTime_ESTest	org/threeten/bp/chrono	org/threeten/bp/chrono/IsoChronology	date	(Lorg/threeten/bp/temporal/TemporalAccessor;)Lorg/threeten/bp/LocalDate;
mvnc	org/threeten	threetenbp	1.6.5	org.threeten.bp.chrono.ChronoLocalDateTime_ESTest	org/threeten/bp/chrono	org/threeten/bp/chrono/IsoChronology	isLeapYear	(J)Z
mvnc	org/threeten	threetenbp	1.6.5	org.threeten.bp.chrono.ChronoLocalDateTime_ESTest	org/threeten/bp/chrono	org/threeten/bp/chrono/IsoChronology	<clinit>	()V
mvnc	org/threeten	threetenbp	1.6.5	org.threeten.bp.chrono.ChronoLocalDateTime_ESTest	org/threeten/bp/chrono	org/threeten/bp/chrono/ChronoPeriodImpl	<init>	(Lorg/threeten/bp/chrono/Chronology;III)V
mvnc	org/threeten	threetenbp	1.6.5	org.threeten.bp.chrono.ChronoLocalDateTime_ESTest	org/threeten/bp/chrono	org/threeten/bp/chrono/ChronoPeriodImpl	subtractFrom	(Lorg/threeten/bp/temporal/Temporal;)Lorg/threeten/bp/temporal/Temporal;
mvnc	org/threeten	threetenbp	1.6.5	org.threeten.bp.chrono.ChronoLocalDateTime_ESTest	org/threeten/bp/chrono	org/threeten/bp/chrono/HijrahEra	<clinit>	()V
mvnc	org/threeten	threetenbp	1.6.5	org.threeten.bp.chrono.ChronoLocalDateTime_ESTest	org/threeten/bp/chrono	org/threeten/bp/chrono/ThaiBuddhistChronology	getId	()Ljava/lang/String;
mvnc	org/threeten	threetenbp	1.6.5	org.threeten.bp.chrono.ChronoLocalDateTime_ESTest	org/threeten/bp/chrono	org/threeten/bp/chrono/ThaiBuddhistChronology	date	(Lorg/threeten/bp/temporal/TemporalAccessor;)Lorg/threeten/bp/chrono/ThaiBuddhistDate;
mvnc	org/threeten	threetenbp	1.6.5	org.threeten.bp.chrono.ChronoLocalDateTime_ESTest	org/threeten/bp/chrono	org/threeten/bp/chrono/ThaiBuddhistChronology	localDateTime	(Lorg/threeten/bp/temporal/TemporalAccessor;)Lorg/threeten/bp/chrono/ChronoLocalDateTime;
mvnc	org/threeten	threetenbp	1.6.5	org.threeten.bp.chrono.ChronoLocalDateTime_ESTest	org/threeten/bp/chrono	org/threeten/bp/chrono/ThaiBuddhistChronology	eraOf	(I)Lorg/threeten/bp/chrono/ThaiBuddhistEra;
mvnc	org/threeten	threetenbp	1.6.5	org.threeten.bp.chrono.ChronoLocalDateTime_ESTest	org/threeten/bp/chrono	org/threeten/bp/chrono/ThaiBuddhistChronology	range	(Lorg/threeten/bp/temporal/ChronoField;)Lorg/threeten/bp/temporal/ValueRange;
mvnc	org/threeten	threetenbp	1.6.5	org.threeten.bp.chrono.ChronoLocalDateTime_ESTest	org/threeten/bp/chrono	org/threeten/bp/chrono/ThaiBuddhistChronology	<clinit>	()V
mvnc	org/threeten	threetenbp	1.6.5	org.threeten.bp.chrono.ChronoLocalDateTime_ESTest	org/threeten/bp/chrono	org/threeten/bp/chrono/MinguoChronology	<clinit>	()V
mvnc	org/threeten	threetenbp	1.6.5	org.threeten.bp.chrono.ChronoLocalDateTime_ESTest	org/threeten/bp/chrono	org/threeten/bp/chrono/IsoEra	<clinit>	()V
mvnc	org/threeten	threetenbp	1.6.5	org.threeten.bp.chrono.ChronoLocalDateTime_ESTest	org/threeten/bp/chrono	org/threeten/bp/chrono/HijrahChronology	<clinit>	()V
mvnc	org/threeten	threetenbp	1.6.5	org.threeten.bp.chrono.ChronoLocalDateTime_ESTest	org/threeten/bp/chrono	org/threeten/bp/chrono/ThaiBuddhistDate	now	()Lorg/threeten/bp/chrono/ThaiBuddhistDate;
mvnc	org/threeten	threetenbp	1.6.5	org.threeten.bp.chrono.ChronoLocalDateTime_ESTest	org/threeten/bp/chrono	org/threeten/bp/chrono/ThaiBuddhistDate	now	(Lorg/threeten/bp/Clock;)Lorg/threeten/bp/chrono/ThaiBuddhistDate;
mvnc	org/threeten	threetenbp	1.6.5	org.threeten.bp.chrono.ChronoLocalDateTime_ESTest	org/threeten/bp/chrono	org/threeten/bp/chrono/ThaiBuddhistDate	<init>	(Lorg/threeten/bp/LocalDate;)V
mvnc	org/threeten	threetenbp	1.6.5	org.threeten.bp.chrono.ChronoLocalDateTime_ESTest	org/threeten/bp/chrono	org/threeten/bp/chrono/ThaiBuddhistDate	getChronology	()Lorg/threeten/bp/chrono/ThaiBuddhistChronology;
mvnc	org/threeten	threetenbp	1.6.5	org.threeten.bp.chrono.ChronoLocalDateTime_ESTest	org/threeten/bp/chrono	org/threeten/bp/chrono/ThaiBuddhistDate	getEra	()Lorg/threeten/bp/chrono/ThaiBuddhistEra;
mvnc	org/threeten	threetenbp	1.6.5	org.threeten.bp.chrono.ChronoLocalDateTime_ESTest	org/threeten/bp/chrono	org/threeten/bp/chrono/ThaiBuddhistDate	range	(Lorg/threeten/bp/temporal/TemporalField;)Lorg/threeten/bp/temporal/ValueRange;
mvnc	org/threeten	threetenbp	1.6.5	org.threeten.bp.chrono.ChronoLocalDateTime_ESTest	org/threeten/bp/chrono	org/threeten/bp/chrono/ThaiBuddhistDate	getLong	(Lorg/threeten/bp/temporal/TemporalField;)J
mvnc	org/threeten	threetenbp	1.6.5	org.threeten.bp.chrono.ChronoLocalDateTime_ESTest	org/threeten/bp/chrono	org/threeten/bp/chrono/ThaiBuddhistDate	getProlepticYear	()I
mvnc	org/threeten	threetenbp	1.6.5	org.threeten.bp.chrono.ChronoLocalDateTime_ESTest	org/threeten/bp/chrono	org/threeten/bp/chrono/ThaiBuddhistDate	with	(Lorg/threeten/bp/temporal/TemporalField;J)Lorg/threeten/bp/chrono/ThaiBuddhistDate;
mvnc	org/threeten	threetenbp	1.6.5	org.threeten.bp.chrono.ChronoLocalDateTime_ESTest	org/threeten/bp/chrono	org/threeten/bp/chrono/ThaiBuddhistDate	plus	(JLorg/threeten/bp/temporal/TemporalUnit;)Lorg/threeten/bp/chrono/ThaiBuddhistDate;
mvnc	org/threeten	threetenbp	1.6.5	org.threeten.bp.chrono.ChronoLocalDateTime_ESTest	org/threeten/bp/chrono	org/threeten/bp/chrono/ThaiBuddhistDate	plusDays	(J)Lorg/threeten/bp/chrono/ThaiBuddhistDate;
mvnc	org/threeten	threetenbp	1.6.5	org.threeten.bp.chrono.ChronoLocalDateTime_ESTest	org/threeten/bp/chrono	org/threeten/bp/chrono/ThaiBuddhistDate	with	(Lorg/threeten/bp/LocalDate;)Lorg/threeten/bp/chrono/ThaiBuddhistDate;
mvnc	org/threeten	threetenbp	1.6.5	org.threeten.bp.chrono.ChronoLocalDateTime_ESTest	org/threeten/bp/chrono	org/threeten/bp/chrono/ThaiBuddhistDate	atTime	(Lorg/threeten/bp/LocalTime;)Lorg/threeten/bp/chrono/ChronoLocalDateTime;
mvnc	org/threeten	threetenbp	1.6.5	org.threeten.bp.chrono.ChronoLocalDateTime_ESTest	org/threeten/bp/chrono	org/threeten/bp/chrono/ThaiBuddhistDate	toEpochDay	()J
mvnc	org/threeten	threetenbp	1.6.5	org.threeten.bp.chrono.ChronoLocalDateTime_ESTest	org/threeten/bp/chrono	org/threeten/bp/chrono/ThaiBuddhistDate	hashCode	()I
mvnc	org/threeten	threetenbp	1.6.5	org.threeten.bp.chrono.ChronoLocalDateTime_ESTest	org/threeten/bp/chrono	org/threeten/bp/chrono/ThaiBuddhistEra	of	(I)Lorg/threeten/bp/chrono/ThaiBuddhistEra;
mvnc	org/threeten	threetenbp	1.6.5	org.threeten.bp.chrono.ChronoLocalDateTime_ESTest	org/threeten/bp/chrono	org/threeten/bp/chrono/ThaiBuddhistEra	<clinit>	()V
mvnc	org/threeten	threetenbp	1.6.5	org.threeten.bp.chrono.ChronoLocalDateTime_ESTest	org/threeten/bp/chrono	org/threeten/bp/chrono/ChronoLocalDate$1	<init>	()V
mvnc	org/threeten	threetenbp	1.6.5	org.threeten.bp.chrono.ChronoLocalDateTime_ESTest	org/threeten/bp/chrono	org/threeten/bp/chrono/ChronoDateImpl	<init>	()V
mvnc	org/threeten	threetenbp	1.6.5	org.threeten.bp.chrono.ChronoLocalDateTime_ESTest	org/threeten/bp/chrono	org/threeten/bp/chrono/ChronoDateImpl	plus	(JLorg/threeten/bp/temporal/TemporalUnit;)Lorg/threeten/bp/chrono/ChronoDateImpl;
mvnc	org/threeten	threetenbp	1.6.5	org.threeten.bp.chrono.ChronoLocalDateTime_ESTest	org/threeten/bp/chrono	org/threeten/bp/chrono/ChronoDateImpl	atTime	(Lorg/threeten/bp/LocalTime;)Lorg/threeten/bp/chrono/ChronoLocalDateTime;
mvnc	org/threeten	threetenbp	1.6.5	org.threeten.bp.chrono.ChronoLocalDateTime_ESTest	org/threeten/bp/chrono	org/threeten/bp/chrono/HijrahDate	readDeviationConfig	()V
mvnc	org/threeten	threetenbp	1.6.5	org.threeten.bp.chrono.ChronoLocalDateTime_ESTest	org/threeten/bp/chrono	org/threeten/bp/chrono/HijrahDate	getConfigFileInputStream	()Ljava/io/InputStream;
mvnc	org/threeten	threetenbp	1.6.5	org.threeten.bp.chrono.ChronoLocalDateTime_ESTest	org/threeten/bp/chrono	org/threeten/bp/chrono/HijrahDate	<clinit>	()V
mvnc	org/threeten	threetenbp	1.6.5	org.threeten.bp.chrono.ChronoLocalDateTime_ESTest	org/threeten/bp/chrono	org/threeten/bp/chrono/ChronoZonedDateTime$1	<init>	()V
mvnc	org/threeten	threetenbp	1.6.5	org.threeten.bp.chrono.ChronoLocalDateTime_ESTest	org/threeten/bp/chrono	org/threeten/bp/chrono/ChronoPeriod	<init>	()V
mvnc	org/threeten	threetenbp	1.6.5	org.threeten.bp.chrono.ChronoLocalDateTime_ESTest	org/threeten/bp/chrono	org/threeten/bp/chrono/MinguoDate	now	()Lorg/threeten/bp/chrono/MinguoDate;
mvnc	org/threeten	threetenbp	1.6.5	org.threeten.bp.chrono.ChronoLocalDateTime_ESTest	org/threeten/bp/chrono	org/threeten/bp/chrono/MinguoDate	now	(Lorg/threeten/bp/Clock;)Lorg/threeten/bp/chrono/MinguoDate;
mvnc	org/threeten	threetenbp	1.6.5	org.threeten.bp.chrono.ChronoLocalDateTime_ESTest	org/threeten/bp/chrono	org/threeten/bp/chrono/MinguoDate	<init>	(Lorg/threeten/bp/LocalDate;)V
mvnc	org/threeten	threetenbp	1.6.5	org.threeten.bp.chrono.ChronoLocalDateTime_ESTest	org/threeten/bp	org/threeten/bp/Month	of	(I)Lorg/threeten/bp/Month;
mvnc	org/threeten	threetenbp	1.6.5	org.threeten.bp.chrono.ChronoLocalDateTime_ESTest	org/threeten/bp	org/threeten/bp/Month	getValue	()I
mvnc	org/threeten	threetenbp	1.6.5	org.threeten.bp.chrono.ChronoLocalDateTime_ESTest	org/threeten/bp	org/threeten/bp/Month	length	(Z)I
mvnc	org/threeten	threetenbp	1.6.5	org.threeten.bp.chrono.ChronoLocalDateTime_ESTest	org/threeten/bp	org/threeten/bp/Month	query	(Lorg/threeten/bp/temporal/TemporalQuery;)Ljava/lang/Object;
mvnc	org/threeten	threetenbp	1.6.5	org.threeten.bp.chrono.ChronoLocalDateTime_ESTest	org/threeten/bp	org/threeten/bp/Month	<clinit>	()V
mvnc	org/threeten	threetenbp	1.6.5	org.threeten.bp.chrono.ChronoLocalDateTime_ESTest	org/threeten/bp	org/threeten/bp/ZonedDateTime	<clinit>	()V
mvnc	org/threeten	threetenbp	1.6.5	org.threeten.bp.chrono.ChronoLocalDateTime_ESTest	org/threeten/bp	org/threeten/bp/LocalDate$1	<init>	()V
mvnc	org/threeten	threetenbp	1.6.5	org.threeten.bp.chrono.ChronoLocalDateTime_ESTest	org/threeten/bp	org/threeten/bp/LocalDate$1	queryFrom	(Lorg/threeten/bp/temporal/TemporalAccessor;)Lorg/threeten/bp/LocalDate;
mvnc	org/threeten	threetenbp	1.6.5	org.threeten.bp.chrono.ChronoLocalDateTime_ESTest	org/threeten/bp	org/threeten/bp/YearMonth	<clinit>	()V
mvnc	org/threeten	threetenbp	1.6.5	org.threeten.bp.chrono.ChronoLocalDateTime_ESTest	org/threeten/bp	org/threeten/bp/ZoneId	systemDefault	()Lorg/threeten/bp/ZoneId;
mvnc	org/threeten	threetenbp	1.6.5	org.threeten.bp.chrono.ChronoLocalDateTime_ESTest	org/threeten/bp	org/threeten/bp/ZoneId	of	(Ljava/lang/String;Ljava/util/Map;)Lorg/threeten/bp/ZoneId;
mvnc	org/threeten	threetenbp	1.6.5	org.threeten.bp.chrono.ChronoLocalDateTime_ESTest	org/threeten/bp	org/threeten/bp/ZoneId	of	(Ljava/lang/String;)Lorg/threeten/bp/ZoneId;
mvnc	org/threeten	threetenbp	1.6.5	org.threeten.bp.chrono.ChronoLocalDateTime_ESTest	org/threeten/bp	org/threeten/bp/ZoneId	from	(Lorg/threeten/bp/temporal/TemporalAccessor;)Lorg/threeten/bp/ZoneId;
mvnc	org/threeten	threetenbp	1.6.5	org.threeten.bp.chrono.ChronoLocalDateTime_ESTest	org/threeten/bp	org/threeten/bp/ZoneId	<init>	()V
mvnc	org/threeten	threetenbp	1.6.5	org.threeten.bp.chrono.ChronoLocalDateTime_ESTest	org/threeten/bp	org/threeten/bp/ZoneId	<clinit>	()V
mvnc	org/threeten	threetenbp	1.6.5	org.threeten.bp.chrono.ChronoLocalDateTime_ESTest	org/threeten/bp	org/threeten/bp/MonthDay	<clinit>	()V
mvnc	org/threeten	threetenbp	1.6.5	org.threeten.bp.chrono.ChronoLocalDateTime_ESTest	org/threeten/bp	org/threeten/bp/Year$1	<init>	()V
mvnc	org/threeten	threetenbp	1.6.5	org.threeten.bp.chrono.ChronoLocalDateTime_ESTest	org/threeten/bp	org/threeten/bp/ZoneOffset	from	(Lorg/threeten/bp/temporal/TemporalAccessor;)Lorg/threeten/bp/ZoneOffset;
mvnc	org/threeten	threetenbp	1.6.5	org.threeten.bp.chrono.ChronoLocalDateTime_ESTest	org/threeten/bp	org/threeten/bp/ZoneOffset	ofTotalSeconds	(I)Lorg/threeten/bp/ZoneOffset;
mvnc	org/threeten	threetenbp	1.6.5	org.threeten.bp.chrono.ChronoLocalDateTime_ESTest	org/threeten/bp	org/threeten/bp/ZoneOffset	<init>	(I)V
mvnc	org/threeten	threetenbp	1.6.5	org.threeten.bp.chrono.ChronoLocalDateTime_ESTest	org/threeten/bp	org/threeten/bp/ZoneOffset	buildId	(I)Ljava/lang/String;
mvnc	org/threeten	threetenbp	1.6.5	org.threeten.bp.chrono.ChronoLocalDateTime_ESTest	org/threeten/bp	org/threeten/bp/ZoneOffset	getTotalSeconds	()I
mvnc	org/threeten	threetenbp	1.6.5	org.threeten.bp.chrono.ChronoLocalDateTime_ESTest	org/threeten/bp	org/threeten/bp/ZoneOffset	getId	()Ljava/lang/String;
mvnc	org/threeten	threetenbp	1.6.5	org.threeten.bp.chrono.ChronoLocalDateTime_ESTest	org/threeten/bp	org/threeten/bp/ZoneOffset	getRules	()Lorg/threeten/bp/zone/ZoneRules;
mvnc	org/threeten	threetenbp	1.6.5	org.threeten.bp.chrono.ChronoLocalDateTime_ESTest	org/threeten/bp	org/threeten/bp/ZoneOffset	<clinit>	()V
mvnc	org/threeten	threetenbp	1.6.5	org.threeten.bp.chrono.ChronoLocalDateTime_ESTest	org/threeten/bp	org/threeten/bp/ZoneId$1	<init>	()V
mvnc	org/threeten	threetenbp	1.6.5	org.threeten.bp.chrono.ChronoLocalDateTime_ESTest	org/threeten/bp	org/threeten/bp/LocalTime	ofSecondOfDay	(JI)Lorg/threeten/bp/LocalTime;
mvnc	org/threeten	threetenbp	1.6.5	org.threeten.bp.chrono.ChronoLocalDateTime_ESTest	org/threeten/bp	org/threeten/bp/LocalTime	ofNanoOfDay	(J)Lorg/threeten/bp/LocalTime;
mvnc	org/threeten	threetenbp	1.6.5	org.threeten.bp.chrono.ChronoLocalDateTime_ESTest	org/threeten/bp	org/threeten/bp/LocalTime	from	(Lorg/threeten/bp/temporal/TemporalAccessor;)Lorg/threeten/bp/LocalTime;
mvnc	org/threeten	threetenbp	1.6.5	org.threeten.bp.chrono.ChronoLocalDateTime_ESTest	org/threeten/bp	org/threeten/bp/LocalTime	create	(IIII)Lorg/threeten/bp/LocalTime;
mvnc	org/threeten	threetenbp	1.6.5	org.threeten.bp.chrono.ChronoLocalDateTime_ESTest	org/threeten/bp	org/threeten/bp/LocalTime	<init>	(IIII)V
mvnc	org/threeten	threetenbp	1.6.5	org.threeten.bp.chrono.ChronoLocalDateTime_ESTest	org/threeten/bp	org/threeten/bp/LocalTime	getLong	(Lorg/threeten/bp/temporal/TemporalField;)J
mvnc	org/threeten	threetenbp	1.6.5	org.threeten.bp.chrono.ChronoLocalDateTime_ESTest	org/threeten/bp	org/threeten/bp/LocalTime	get0	(Lorg/threeten/bp/temporal/TemporalField;)I
mvnc	org/threeten	threetenbp	1.6.5	org.threeten.bp.chrono.ChronoLocalDateTime_ESTest	org/threeten/bp	org/threeten/bp/LocalTime	getMinute	()I
mvnc	org/threeten	threetenbp	1.6.5	org.threeten.bp.chrono.ChronoLocalDateTime_ESTest	org/threeten/bp	org/threeten/bp/LocalTime	getNano	()I
mvnc	org/threeten	threetenbp	1.6.5	org.threeten.bp.chrono.ChronoLocalDateTime_ESTest	org/threeten/bp	org/threeten/bp/LocalTime	with	(Lorg/threeten/bp/temporal/TemporalField;J)Lorg/threeten/bp/LocalTime;
mvnc	org/threeten	threetenbp	1.6.5	org.threeten.bp.chrono.ChronoLocalDateTime_ESTest	org/threeten/bp	org/threeten/bp/LocalTime	withNano	(I)Lorg/threeten/bp/LocalTime;
mvnc	org/threeten	threetenbp	1.6.5	org.threeten.bp.chrono.ChronoLocalDateTime_ESTest	org/threeten/bp	org/threeten/bp/LocalTime	query	(Lorg/threeten/bp/temporal/TemporalQuery;)Ljava/lang/Object;
mvnc	org/threeten	threetenbp	1.6.5	org.threeten.bp.chrono.ChronoLocalDateTime_ESTest	org/threeten/bp	org/threeten/bp/LocalTime	atOffset	(Lorg/threeten/bp/ZoneOffset;)Lorg/threeten/bp/OffsetTime;
mvnc	org/threeten	threetenbp	1.6.5	org.threeten.bp.chrono.ChronoLocalDateTime_ESTest	org/threeten/bp	org/threeten/bp/LocalTime	toSecondOfDay	()I
mvnc	org/threeten	threetenbp	1.6.5	org.threeten.bp.chrono.ChronoLocalDateTime_ESTest	org/threeten/bp	org/threeten/bp/LocalTime	toNanoOfDay	()J
mvnc	org/threeten	threetenbp	1.6.5	org.threeten.bp.chrono.ChronoLocalDateTime_ESTest	org/threeten/bp	org/threeten/bp/LocalTime	compareTo	(Lorg/threeten/bp/LocalTime;)I
mvnc	org/threeten	threetenbp	1.6.5	org.threeten.bp.chrono.ChronoLocalDateTime_ESTest	org/threeten/bp	org/threeten/bp/LocalTime	hashCode	()I
mvnc	org/threeten	threetenbp	1.6.5	org.threeten.bp.chrono.ChronoLocalDateTime_ESTest	org/threeten/bp	org/threeten/bp/LocalTime	toString	()Ljava/lang/String;
mvnc	org/threeten	threetenbp	1.6.5	org.threeten.bp.chrono.ChronoLocalDateTime_ESTest	org/threeten/bp	org/threeten/bp/LocalTime	<clinit>	()V
mvnc	org/threeten	threetenbp	1.6.5	org.threeten.bp.chrono.ChronoLocalDateTime_ESTest	org/threeten/bp	org/threeten/bp/ZoneRegion	<init>	(Ljava/lang/String;Lorg/threeten/bp/zone/ZoneRules;)V
mvnc	org/threeten	threetenbp	1.6.5	org.threeten.bp.chrono.ChronoLocalDateTime_ESTest	org/threeten/bp	org/threeten/bp/ZoneRegion	getRules	()Lorg/threeten/bp/zone/ZoneRules;
mvnc	org/threeten	threetenbp	1.6.5	org.threeten.bp.chrono.ChronoLocalDateTime_ESTest	org/threeten/bp	org/threeten/bp/ZoneRegion	<clinit>	()V
mvnc	org/threeten	threetenbp	1.6.5	org.threeten.bp.chrono.ChronoLocalDateTime_ESTest	org/threeten/bp	org/threeten/bp/LocalDateTime	now	(Lorg/threeten/bp/ZoneId;)Lorg/threeten/bp/LocalDateTime;
mvnc	org/threeten	threetenbp	1.6.5	org.threeten.bp.chrono.ChronoLocalDateTime_ESTest	org/threeten/bp	org/threeten/bp/LocalDateTime	now	(Lorg/threeten/bp/Clock;)Lorg/threeten/bp/LocalDateTime;
mvnc	org/threeten	threetenbp	1.6.5	org.threeten.bp.chrono.ChronoLocalDateTime_ESTest	org/threeten/bp	org/threeten/bp/LocalDateTime	of	(Lorg/threeten/bp/LocalDate;Lorg/threeten/bp/LocalTime;)Lorg/threeten/bp/LocalDateTime;
mvnc	org/threeten	threetenbp	1.6.5	org.threeten.bp.chrono.ChronoLocalDateTime_ESTest	org/threeten/bp	org/threeten/bp/LocalDateTime	ofInstant	(Lorg/threeten/bp/Instant;Lorg/threeten/bp/ZoneId;)Lorg/threeten/bp/LocalDateTime;
mvnc	org/threeten	threetenbp	1.6.5	org.threeten.bp.chrono.ChronoLocalDateTime_ESTest	org/threeten/bp	org/threeten/bp/LocalDateTime	ofEpochSecond	(JILorg/threeten/bp/ZoneOffset;)Lorg/threeten/bp/LocalDateTime;
mvnc	org/threeten	threetenbp	1.6.5	org.threeten.bp.chrono.ChronoLocalDateTime_ESTest	org/threeten/bp	org/threeten/bp/LocalDateTime	from	(Lorg/threeten/bp/temporal/TemporalAccessor;)Lorg/threeten/bp/LocalDateTime;
mvnc	org/threeten	threetenbp	1.6.5	org.threeten.bp.chrono.ChronoLocalDateTime_ESTest	org/threeten/bp	org/threeten/bp/LocalDateTime	<init>	(Lorg/threeten/bp/LocalDate;Lorg/threeten/bp/LocalTime;)V
mvnc	org/threeten	threetenbp	1.6.5	org.threeten.bp.chrono.ChronoLocalDateTime_ESTest	org/threeten/bp	org/threeten/bp/LocalDateTime	query	(Lorg/threeten/bp/temporal/TemporalQuery;)Ljava/lang/Object;
mvnc	org/threeten	threetenbp	1.6.5	org.threeten.bp.chrono.ChronoLocalDateTime_ESTest	org/threeten/bp	org/threeten/bp/LocalDateTime	atOffset	(Lorg/threeten/bp/ZoneOffset;)Lorg/threeten/bp/OffsetDateTime;
mvnc	org/threeten	threetenbp	1.6.5	org.threeten.bp.chrono.ChronoLocalDateTime_ESTest	org/threeten/bp	org/threeten/bp/LocalDateTime	toLocalDate	()Lorg/threeten/bp/LocalDate;
mvnc	org/threeten	threetenbp	1.6.5	org.threeten.bp.chrono.ChronoLocalDateTime_ESTest	org/threeten/bp	org/threeten/bp/LocalDateTime	toLocalTime	()Lorg/threeten/bp/LocalTime;
mvnc	org/threeten	threetenbp	1.6.5	org.threeten.bp.chrono.ChronoLocalDateTime_ESTest	org/threeten/bp	org/threeten/bp/LocalDateTime	isAfter	(Lorg/threeten/bp/chrono/ChronoLocalDateTime;)Z
mvnc	org/threeten	threetenbp	1.6.5	org.threeten.bp.chrono.ChronoLocalDateTime_ESTest	org/threeten/bp	org/threeten/bp/LocalDateTime	<clinit>	()V
mvnc	org/threeten	threetenbp	1.6.5	org.threeten.bp.chrono.ChronoLocalDateTime_ESTest	org/threeten/bp	org/threeten/bp/DayOfWeek$1	<init>	()V
mvnc	org/threeten	threetenbp	1.6.5	org.threeten.bp.chrono.ChronoLocalDateTime_ESTest	org/threeten/bp	org/threeten/bp/Period	<init>	(III)V
mvnc	org/threeten	threetenbp	1.6.5	org.threeten.bp.chrono.ChronoLocalDateTime_ESTest	org/threeten/bp	org/threeten/bp/Period	<clinit>	()V
mvnc	org/threeten	threetenbp	1.6.5	org.threeten.bp.chrono.ChronoLocalDateTime_ESTest	org/threeten/bp	org/threeten/bp/Clock	systemUTC	()Lorg/threeten/bp/Clock;
mvnc	org/threeten	threetenbp	1.6.5	org.threeten.bp.chrono.ChronoLocalDateTime_ESTest	org/threeten/bp	org/threeten/bp/Clock	systemDefaultZone	()Lorg/threeten/bp/Clock;
mvnc	org/threeten	threetenbp	1.6.5	org.threeten.bp.chrono.ChronoLocalDateTime_ESTest	org/threeten/bp	org/threeten/bp/Clock	system	(Lorg/threeten/bp/ZoneId;)Lorg/threeten/bp/Clock;
mvnc	org/threeten	threetenbp	1.6.5	org.threeten.bp.chrono.ChronoLocalDateTime_ESTest	org/threeten/bp	org/threeten/bp/Clock	<init>	()V
mvnc	org/threeten	threetenbp	1.6.5	org.threeten.bp.chrono.ChronoLocalDateTime_ESTest	org/threeten/bp	org/threeten/bp/DateTimeException	<init>	(Ljava/lang/String;)V
mvnc	org/threeten	threetenbp	1.6.5	org.threeten.bp.chrono.ChronoLocalDateTime_ESTest	org/threeten/bp	org/threeten/bp/DateTimeException	<init>	(Ljava/lang/String;Ljava/lang/Throwable;)V
mvnc	org/threeten	threetenbp	1.6.5	org.threeten.bp.chrono.ChronoLocalDateTime_ESTest	org/threeten/bp	org/threeten/bp/Instant$1	<init>	()V
mvnc	org/threeten	threetenbp	1.6.5	org.threeten.bp.chrono.ChronoLocalDateTime_ESTest	org/threeten/bp	org/threeten/bp/OffsetDateTime$2	<init>	()V
mvnc	org/threeten	threetenbp	1.6.5	org.threeten.bp.chrono.ChronoLocalDateTime_ESTest	org/threeten/bp	org/threeten/bp/Clock$SystemClock	<init>	(Lorg/threeten/bp/ZoneId;)V
mvnc	org/threeten	threetenbp	1.6.5	org.threeten.bp.chrono.ChronoLocalDateTime_ESTest	org/threeten/bp	org/threeten/bp/Clock$SystemClock	getZone	()Lorg/threeten/bp/ZoneId;
mvnc	org/threeten	threetenbp	1.6.5	org.threeten.bp.chrono.ChronoLocalDateTime_ESTest	org/threeten/bp	org/threeten/bp/Clock$SystemClock	millis	()J
mvnc	org/threeten	threetenbp	1.6.5	org.threeten.bp.chrono.ChronoLocalDateTime_ESTest	org/threeten/bp	org/threeten/bp/Clock$SystemClock	instant	()Lorg/threeten/bp/Instant;
mvnc	org/threeten	threetenbp	1.6.5	org.threeten.bp.chrono.ChronoLocalDateTime_ESTest	org/threeten/bp	org/threeten/bp/OffsetDateTime$1	<init>	()V
mvnc	org/threeten	threetenbp	1.6.5	org.threeten.bp.chrono.ChronoLocalDateTime_ESTest	org/threeten/bp	org/threeten/bp/LocalTime$1	<init>	()V
mvnc	org/threeten	threetenbp	1.6.5	org.threeten.bp.chrono.ChronoLocalDateTime_ESTest	org/threeten/bp	org/threeten/bp/Month$1	<init>	()V
mvnc	org/threeten	threetenbp	1.6.5	org.threeten.bp.chrono.ChronoLocalDateTime_ESTest	org/threeten/bp	org/threeten/bp/LocalDate	now	(Lorg/threeten/bp/Clock;)Lorg/threeten/bp/LocalDate;
mvnc	org/threeten	threetenbp	1.6.5	org.threeten.bp.chrono.ChronoLocalDateTime_ESTest	org/threeten/bp	org/threeten/bp/LocalDate	of	(III)Lorg/threeten/bp/LocalDate;
mvnc	org/threeten	threetenbp	1.6.5	org.threeten.bp.chrono.ChronoLocalDateTime_ESTest	org/threeten/bp	org/threeten/bp/LocalDate	ofEpochDay	(J)Lorg/threeten/bp/LocalDate;
mvnc	org/threeten	threetenbp	1.6.5	org.threeten.bp.chrono.ChronoLocalDateTime_ESTest	org/threeten/bp	org/threeten/bp/LocalDate	from	(Lorg/threeten/bp/temporal/TemporalAccessor;)Lorg/threeten/bp/LocalDate;
mvnc	org/threeten	threetenbp	1.6.5	org.threeten.bp.chrono.ChronoLocalDateTime_ESTest	org/threeten/bp	org/threeten/bp/LocalDate	create	(ILorg/threeten/bp/Month;I)Lorg/threeten/bp/LocalDate;
mvnc	org/threeten	threetenbp	1.6.5	org.threeten.bp.chrono.ChronoLocalDateTime_ESTest	org/threeten/bp	org/threeten/bp/LocalDate	<init>	(III)V
mvnc	org/threeten	threetenbp	1.6.5	org.threeten.bp.chrono.ChronoLocalDateTime_ESTest	org/threeten/bp	org/threeten/bp/LocalDate	getLong	(Lorg/threeten/bp/temporal/TemporalField;)J
mvnc	org/threeten	threetenbp	1.6.5	org.threeten.bp.chrono.ChronoLocalDateTime_ESTest	org/threeten/bp	org/threeten/bp/LocalDate	get0	(Lorg/threeten/bp/temporal/TemporalField;)I
mvnc	org/threeten	threetenbp	1.6.5	org.threeten.bp.chrono.ChronoLocalDateTime_ESTest	org/threeten/bp	org/threeten/bp/LocalDate	getChronology	()Lorg/threeten/bp/chrono/IsoChronology;
mvnc	org/threeten	threetenbp	1.6.5	org.threeten.bp.chrono.ChronoLocalDateTime_ESTest	org/threeten/bp	org/threeten/bp/LocalDate	getYear	()I
mvnc	org/threeten	threetenbp	1.6.5	org.threeten.bp.chrono.ChronoLocalDateTime_ESTest	org/threeten/bp	org/threeten/bp/LocalDate	getDayOfMonth	()I
mvnc	org/threeten	threetenbp	1.6.5	org.threeten.bp.chrono.ChronoLocalDateTime_ESTest	org/threeten/bp	org/threeten/bp/LocalDate	getDayOfWeek	()Lorg/threeten/bp/DayOfWeek;
mvnc	org/threeten	threetenbp	1.6.5	org.threeten.bp.chrono.ChronoLocalDateTime_ESTest	org/threeten/bp	org/threeten/bp/LocalDate	isLeapYear	()Z
mvnc	org/threeten	threetenbp	1.6.5	org.threeten.bp.chrono.ChronoLocalDateTime_ESTest	org/threeten/bp	org/threeten/bp/LocalDate	plusDays	(J)Lorg/threeten/bp/LocalDate;
mvnc	org/threeten	threetenbp	1.6.5	org.threeten.bp.chrono.ChronoLocalDateTime_ESTest	org/threeten/bp	org/threeten/bp/LocalDate	query	(Lorg/threeten/bp/temporal/TemporalQuery;)Ljava/lang/Object;
mvnc	org/threeten	threetenbp	1.6.5	org.threeten.bp.chrono.ChronoLocalDateTime_ESTest	org/threeten/bp	org/threeten/bp/LocalDate	atStartOfDay	()Lorg/threeten/bp/LocalDateTime;
mvnc	org/threeten	threetenbp	1.6.5	org.threeten.bp.chrono.ChronoLocalDateTime_ESTest	org/threeten/bp	org/threeten/bp/LocalDate	toEpochDay	()J
mvnc	org/threeten	threetenbp	1.6.5	org.threeten.bp.chrono.ChronoLocalDateTime_ESTest	org/threeten/bp	org/threeten/bp/LocalDate	compareTo	(Lorg/threeten/bp/chrono/ChronoLocalDate;)I
mvnc	org/threeten	threetenbp	1.6.5	org.threeten.bp.chrono.ChronoLocalDateTime_ESTest	org/threeten/bp	org/threeten/bp/LocalDate	compareTo0	(Lorg/threeten/bp/LocalDate;)I
mvnc	org/threeten	threetenbp	1.6.5	org.threeten.bp.chrono.ChronoLocalDateTime_ESTest	org/threeten/bp	org/threeten/bp/LocalDate	isBefore	(Lorg/threeten/bp/chrono/ChronoLocalDate;)Z
mvnc	org/threeten	threetenbp	1.6.5	org.threeten.bp.chrono.ChronoLocalDateTime_ESTest	org/threeten/bp	org/threeten/bp/LocalDate	equals	(Ljava/lang/Object;)Z
mvnc	org/threeten	threetenbp	1.6.5	org.threeten.bp.chrono.ChronoLocalDateTime_ESTest	org/threeten/bp	org/threeten/bp/LocalDate	hashCode	()I
mvnc	org/threeten	threetenbp	1.6.5	org.threeten.bp.chrono.ChronoLocalDateTime_ESTest	org/threeten/bp	org/threeten/bp/LocalDate	<clinit>	()V
mvnc	org/threeten	threetenbp	1.6.5	org.threeten.bp.chrono.ChronoLocalDateTime_ESTest	org/threeten/bp	org/threeten/bp/OffsetDateTime	now	()Lorg/threeten/bp/OffsetDateTime;
mvnc	org/threeten	threetenbp	1.6.5	org.threeten.bp.chrono.ChronoLocalDateTime_ESTest	org/threeten/bp	org/threeten/bp/OffsetDateTime	now	(Lorg/threeten/bp/Clock;)Lorg/threeten/bp/OffsetDateTime;
mvnc	org/threeten	threetenbp	1.6.5	org.threeten.bp.chrono.ChronoLocalDateTime_ESTest	org/threeten/bp	org/threeten/bp/OffsetDateTime	of	(Lorg/threeten/bp/LocalDateTime;Lorg/threeten/bp/ZoneOffset;)Lorg/threeten/bp/OffsetDateTime;
mvnc	org/threeten	threetenbp	1.6.5	org.threeten.bp.chrono.ChronoLocalDateTime_ESTest	org/threeten/bp	org/threeten/bp/OffsetDateTime	ofInstant	(Lorg/threeten/bp/Instant;Lorg/threeten/bp/ZoneId;)Lorg/threeten/bp/OffsetDateTime;
mvnc	org/threeten	threetenbp	1.6.5	org.threeten.bp.chrono.ChronoLocalDateTime_ESTest	org/threeten/bp	org/threeten/bp/OffsetDateTime	<init>	(Lorg/threeten/bp/LocalDateTime;Lorg/threeten/bp/ZoneOffset;)V
mvnc	org/threeten	threetenbp	1.6.5	org.threeten.bp.chrono.ChronoLocalDateTime_ESTest	org/threeten/bp	org/threeten/bp/OffsetDateTime	getOffset	()Lorg/threeten/bp/ZoneOffset;
mvnc	org/threeten	threetenbp	1.6.5	org.threeten.bp.chrono.ChronoLocalDateTime_ESTest	org/threeten/bp	org/threeten/bp/OffsetDateTime	query	(Lorg/threeten/bp/temporal/TemporalQuery;)Ljava/lang/Object;
mvnc	org/threeten	threetenbp	1.6.5	org.threeten.bp.chrono.ChronoLocalDateTime_ESTest	org/threeten/bp	org/threeten/bp/OffsetDateTime	toLocalDateTime	()Lorg/threeten/bp/LocalDateTime;
mvnc	org/threeten	threetenbp	1.6.5	org.threeten.bp.chrono.ChronoLocalDateTime_ESTest	org/threeten/bp	org/threeten/bp/OffsetDateTime	toLocalTime	()Lorg/threeten/bp/LocalTime;
mvnc	org/threeten	threetenbp	1.6.5	org.threeten.bp.chrono.ChronoLocalDateTime_ESTest	org/threeten/bp	org/threeten/bp/OffsetDateTime	<clinit>	()V
mvnc	org/threeten	threetenbp	1.6.5	org.threeten.bp.chrono.ChronoLocalDateTime_ESTest	org/threeten/bp	org/threeten/bp/Duration	ofHours	(J)Lorg/threeten/bp/Duration;
mvnc	org/threeten	threetenbp	1.6.5	org.threeten.bp.chrono.ChronoLocalDateTime_ESTest	org/threeten/bp	org/threeten/bp/Duration	ofMinutes	(J)Lorg/threeten/bp/Duration;
mvnc	org/threeten	threetenbp	1.6.5	org.threeten.bp.chrono.ChronoLocalDateTime_ESTest	org/threeten/bp	org/threeten/bp/Duration	ofSeconds	(J)Lorg/threeten/bp/Duration;
mvnc	org/threeten	threetenbp	1.6.5	org.threeten.bp.chrono.ChronoLocalDateTime_ESTest	org/threeten/bp	org/threeten/bp/Duration	ofSeconds	(JJ)Lorg/threeten/bp/Duration;
mvnc	org/threeten	threetenbp	1.6.5	org.threeten.bp.chrono.ChronoLocalDateTime_ESTest	org/threeten/bp	org/threeten/bp/Duration	ofNanos	(J)Lorg/threeten/bp/Duration;
mvnc	org/threeten	threetenbp	1.6.5	org.threeten.bp.chrono.ChronoLocalDateTime_ESTest	org/threeten/bp	org/threeten/bp/Duration	create	(JI)Lorg/threeten/bp/Duration;
mvnc	org/threeten	threetenbp	1.6.5	org.threeten.bp.chrono.ChronoLocalDateTime_ESTest	org/threeten/bp	org/threeten/bp/Duration	<init>	(JI)V
mvnc	org/threeten	threetenbp	1.6.5	org.threeten.bp.chrono.ChronoLocalDateTime_ESTest	org/threeten/bp	org/threeten/bp/Duration	addTo	(Lorg/threeten/bp/temporal/Temporal;)Lorg/threeten/bp/temporal/Temporal;
mvnc	org/threeten	threetenbp	1.6.5	org.threeten.bp.chrono.ChronoLocalDateTime_ESTest	org/threeten/bp	org/threeten/bp/Duration	subtractFrom	(Lorg/threeten/bp/temporal/Temporal;)Lorg/threeten/bp/temporal/Temporal;
mvnc	org/threeten	threetenbp	1.6.5	org.threeten.bp.chrono.ChronoLocalDateTime_ESTest	org/threeten/bp	org/threeten/bp/Duration	<clinit>	()V
mvnc	org/threeten	threetenbp	1.6.5	org.threeten.bp.chrono.ChronoLocalDateTime_ESTest	org/threeten/bp	org/threeten/bp/ZoneOffset$1	<init>	()V
mvnc	org/threeten	threetenbp	1.6.5	org.threeten.bp.chrono.ChronoLocalDateTime_ESTest	org/threeten/bp	org/threeten/bp/OffsetTime	of	(Lorg/threeten/bp/LocalTime;Lorg/threeten/bp/ZoneOffset;)Lorg/threeten/bp/OffsetTime;
mvnc	org/threeten	threetenbp	1.6.5	org.threeten.bp.chrono.ChronoLocalDateTime_ESTest	org/threeten/bp	org/threeten/bp/OffsetTime	<init>	(Lorg/threeten/bp/LocalTime;Lorg/threeten/bp/ZoneOffset;)V
mvnc	org/threeten	threetenbp	1.6.5	org.threeten.bp.chrono.ChronoLocalDateTime_ESTest	org/threeten/bp	org/threeten/bp/OffsetTime	toLocalTime	()Lorg/threeten/bp/LocalTime;
mvnc	org/threeten	threetenbp	1.6.5	org.threeten.bp.chrono.ChronoLocalDateTime_ESTest	org/threeten/bp	org/threeten/bp/OffsetTime	<clinit>	()V
mvnc	org/threeten	threetenbp	1.6.5	org.threeten.bp.chrono.ChronoLocalDateTime_ESTest	org/threeten/bp	org/threeten/bp/LocalDateTime$1	<init>	()V
mvnc	org/threeten	threetenbp	1.6.5	org.threeten.bp.chrono.ChronoLocalDateTime_ESTest	org/threeten/bp	org/threeten/bp/OffsetTime$1	<init>	()V
mvnc	org/threeten	threetenbp	1.6.5	org.threeten.bp.chrono.ChronoLocalDateTime_ESTest	org/threeten/bp	org/threeten/bp/MonthDay$1	<init>	()V
mvnc	org/threeten	threetenbp	1.6.5	org.threeten.bp.chrono.ChronoLocalDateTime_ESTest	org/threeten/bp	org/threeten/bp/ZonedDateTime$1	<init>	()V
mvnc	org/threeten	threetenbp	1.6.5	org.threeten.bp.chrono.ChronoLocalDateTime_ESTest	org/threeten/bp	org/threeten/bp/DayOfWeek	of	(I)Lorg/threeten/bp/DayOfWeek;
mvnc	org/threeten	threetenbp	1.6.5	org.threeten.bp.chrono.ChronoLocalDateTime_ESTest	org/threeten/bp	org/threeten/bp/DayOfWeek	getValue	()I
mvnc	org/threeten	threetenbp	1.6.5	org.threeten.bp.chrono.ChronoLocalDateTime_ESTest	org/threeten/bp	org/threeten/bp/DayOfWeek	<clinit>	()V
mvnc	org/threeten	threetenbp	1.6.5	org.threeten.bp.chrono.ChronoLocalDateTime_ESTest	org/threeten/bp	org/threeten/bp/Year	<clinit>	()V
mvnc	org/threeten	threetenbp	1.6.5	org.threeten.bp.chrono.ChronoLocalDateTime_ESTest	org/threeten/bp	org/threeten/bp/YearMonth$1	<init>	()V
mvnc	org/threeten	threetenbp	1.6.5	org.threeten.bp.chrono.ChronoLocalDateTime_ESTest	org/threeten/bp	org/threeten/bp/Instant	now	()Lorg/threeten/bp/Instant;
mvnc	org/threeten	threetenbp	1.6.5	org.threeten.bp.chrono.ChronoLocalDateTime_ESTest	org/threeten/bp	org/threeten/bp/Instant	ofEpochSecond	(JJ)Lorg/threeten/bp/Instant;
mvnc	org/threeten	threetenbp	1.6.5	org.threeten.bp.chrono.ChronoLocalDateTime_ESTest	org/threeten/bp	org/threeten/bp/Instant	ofEpochMilli	(J)Lorg/threeten/bp/Instant;
mvnc	org/threeten	threetenbp	1.6.5	org.threeten.bp.chrono.ChronoLocalDateTime_ESTest	org/threeten/bp	org/threeten/bp/Instant	create	(JI)Lorg/threeten/bp/Instant;
mvnc	org/threeten	threetenbp	1.6.5	org.threeten.bp.chrono.ChronoLocalDateTime_ESTest	org/threeten/bp	org/threeten/bp/Instant	<init>	(JI)V
mvnc	org/threeten	threetenbp	1.6.5	org.threeten.bp.chrono.ChronoLocalDateTime_ESTest	org/threeten/bp	org/threeten/bp/Instant	getEpochSecond	()J
mvnc	org/threeten	threetenbp	1.6.5	org.threeten.bp.chrono.ChronoLocalDateTime_ESTest	org/threeten/bp	org/threeten/bp/Instant	getNano	()I
mvnc	org/threeten	threetenbp	1.6.5	org.threeten.bp.chrono.ChronoLocalDateTime_ESTest	org/threeten/bp	org/threeten/bp/Instant	with	(Lorg/threeten/bp/temporal/TemporalField;J)Lorg/threeten/bp/Instant;
mvnc	org/threeten	threetenbp	1.6.5	org.threeten.bp.chrono.ChronoLocalDateTime_ESTest	org/threeten/bp	org/threeten/bp/Instant	<clinit>	()V
