run/gaoss/com/google/guava/guava/31.0.1-jre/com.google.common.collect.FilteredKeySetMultimap_ESTest.out	6	6	0	1.591
